0.009588855318725109
0.019085364416241646
0.028398070484399796
0.03743728622794151
0.04611596465110779
0.05435051769018173
0.062061648815870285
0.06917508691549301
0.07562233507633209
0.08134129643440247
0.08627690374851227
0.09038160741329193
0.09361589699983597
0.09594860672950745
0.09735728055238724
0.09782835096120834
0.09735728055238724
0.09594859927892685
0.09361589699983597
0.09038160741329193
0.08627690374851227
0.08134129643440247
0.07562233507633209
0.06917508691549301
0.062061648815870285
0.05435051769018173
0.04611596465110779
0.03743728622794151
0.028398070484399796
0.019085364416241646
0.009588855318725109
0.019085364416241646
0.03798692673444748
0.05652265250682831
0.07451403886079788
0.09178780764341354
0.10817760974168777
0.12352561205625534
0.13768398761749268
0.15051639080047607
0.16189923882484436
0.1717229187488556
0.17989279329776764
0.18633021414279938
0.1909731775522232
0.1937769502401352
0.19471456110477448
0.1937769502401352
0.1909731775522232
0.18633021414279938
0.17989279329776764
0.1717229187488556
0.16189923882484436
0.15051639080047607
0.13768398761749268
0.12352561205625534
0.10817760974168777
0.09178780764341354
0.07451403141021729
0.05652265250682831
0.03798692673444748
0.019085364416241646
0.028398070484399796
0.05652265250682831
0.08410289138555527
0.11087317019701004
0.13657568395137787
0.16096289455890656
0.18379995226860046
0.2048669010400772
0.22396087646484375
0.240897998213768
0.25551512837409973
0.26767149567604065
0.2772500813007355
0.2841585576534271
0.28833043575286865
0.28972554206848145
0.28833043575286865
0.2841585576534271
0.2772500813007355
0.26767149567604065
0.25551512837409973
0.240897998213768
0.22396087646484375
0.2048669010400772
0.18379995226860046
0.16096289455890656
0.13657568395137787
0.11087317019701004
0.08410289138555527
0.05652265250682831
0.028398070484399796
0.03743728622794151
0.07451403886079788
0.11087317019701004
0.14616453647613525
0.18004825711250305
0.21219801902770996
0.24230419099330902
0.27007684111595154
0.29524850845336914
0.3175767958164215
0.33684661984443665
0.35287240147590637
0.3654998540878296
0.3746073544025421
0.38010716438293457
0.3819463551044464
0.38010716438293457
0.3746073544025421
0.3654998540878296
0.35287240147590637
0.33684661984443665
0.3175767958164215
0.29524850845336914
0.27007684111595154
0.24230419099330902
0.21219801902770996
0.18004825711250305
0.14616453647613525
0.11087317019701004
0.07451403141021729
0.03743728622794151
0.04611596465110779
0.09178780764341354
0.13657568395137787
0.18004825711250305
0.22178687155246735
0.2613895535469055
0.29847490787506104
0.33268579840660095
0.3636927306652069
0.3911971151828766
0.41493403911590576
0.4346749484539032
0.450229674577713
0.46144846081733704
0.4682232439517975
0.4704887866973877
0.4682232439517975
0.46144846081733704
0.4502297043800354
0.4346749484539032
0.41493403911590576
0.3911971151828766
0.3636927306652069
0.33268579840660095
0.29847490787506104
0.2613895535469055
0.22178687155246735
0.18004825711250305
0.13657568395137787
0.09178780764341354
0.04611596465110779
0.05435051769018173
0.10817760974168777
0.16096289455890656
0.21219801902770996
0.2613895535469055
0.3080637753009796
0.35177114605903625
0.3920907974243164
0.4286344051361084
0.46105000376701355
0.4890254735946655
0.5122913122177124
0.5306235551834106
0.5438455939292908
0.5518300533294678
0.554500162601471
0.5518300533294678
0.5438455939292908
0.5306235551834106
0.5122913122177124
0.4890254735946655
0.46105000376701355
0.4286344051361084
0.3920907974243164
0.35177117586135864
0.3080637753009796
0.2613895535469055
0.21219801902770996
0.16096289455890656
0.10817760974168777
0.05435051769018173
0.062061648815870285
0.12352561205625534
0.18379995226860046
0.24230419099330902
0.29847490787506104
0.35177114605903625
0.401679664850235
0.4477197527885437
0.48944807052612305
0.526462733745575
0.5584073066711426
0.5849740505218506
0.6059072017669678
0.6210051774978638
0.6301224827766418
0.6331713795661926
0.6301224827766418
0.6210051774978638
0.6059072017669678
0.5849740505218506
0.5584073066711426
0.526462733745575
0.48944810032844543
0.4477197527885437
0.401679664850235
0.35177114605903625
0.29847490787506104
0.24230419099330902
0.18379995226860046
0.12352561205625534
0.062061648815870285
0.06917508691549301
0.13768398761749268
0.2048669010400772
0.27007684111595154
0.33268579840660095
0.3920907974243164
0.4477197527885437
0.4990369379520416
0.545548141002655
0.5868053436279297
0.6224113702774048
0.652023196220398
0.6753556728363037
0.6921841502189636
0.7023464441299438
0.7057448029518127
0.7023464441299438
0.6921841502189636
0.6753556728363037
0.652023196220398
0.6224113702774048
0.5868053436279297
0.545548141002655
0.4990369379520416
0.4477197527885437
0.3920907974243164
0.33268579840660095
0.27007684111595154
0.2048669010400772
0.13768398761749268
0.06917508691549301
0.07562233507633209
0.15051639080047607
0.22396087646484375
0.29524850845336914
0.3636927306652069
0.4286344051361084
0.48944807052612305
0.545548141002655
0.5963942408561707
0.6414967179298401
0.6804212927818298
0.7127929925918579
0.738300085067749
0.7566969394683838
0.7678064703941345
0.7715215086936951
0.7678064107894897
0.7566969394683838
0.738300085067749
0.7127929925918579
0.6804212927818298
0.6414967179298401
0.5963941812515259
0.545548141002655
0.48944807052612305
0.4286344051361084
0.3636927306652069
0.29524850845336914
0.22396087646484375
0.15051639080047607
0.07562233507633209
0.08134129643440247
0.16189923882484436
0.240897998213768
0.3175767958164215
0.3911971151828766
0.46105000376701355
0.526462733745575
0.5868053436279297
0.6414967179298401
0.690010130405426
0.7318783402442932
0.7666981220245361
0.794134259223938
0.8139224052429199
0.8258720636367798
0.8298680782318115
0.8258720636367798
0.8139224052429199
0.794134259223938
0.7666981816291809
0.7318783402442932
0.690010130405426
0.6414967179298401
0.5868053436279297
0.526462733745575
0.46105000376701355
0.3911971151828766
0.3175767660140991
0.240897998213768
0.16189923882484436
0.08134129643440247
0.08627690374851227
0.1717229187488556
0.25551512837409973
0.33684661984443665
0.41493403911590576
0.4890254735946655
0.5584073066711426
0.6224113702774048
0.6804212927818298
0.7318783402442932
0.7762870192527771
0.8132196068763733
0.8423205018043518
0.863309383392334
0.8759840726852417
0.8802226185798645
0.8759840726852417
0.863309383392334
0.8423205018043518
0.8132196068763733
0.7762870192527771
0.7318783402442932
0.6804212927818298
0.6224113702774048
0.5584073066711426
0.48902544379234314
0.41493403911590576
0.33684661984443665
0.25551512837409973
0.1717229187488556
0.08627690374851227
0.09038160741329193
0.17989279329776764
0.26767149567604065
0.35287240147590637
0.4346749484539032
0.5122913122177124
0.5849740505218506
0.652023196220398
0.7127929925918579
0.7666981220245361
0.8132196068763733
0.851909339427948
0.8823947310447693
0.9043821692466736
0.9176598787307739
0.9221000075340271
0.9176598787307739
0.9043821692466736
0.8823947310447693
0.8519093990325928
0.8132196664810181
0.7666981816291809
0.7127929925918579
0.652023196220398
0.5849740505218506
0.5122913122177124
0.4346749484539032
0.35287240147590637
0.26767149567604065
0.17989279329776764
0.09038161486387253
0.09361589699983597
0.18633021414279938
0.2772500813007355
0.3654998540878296
0.450229674577713
0.5306235551834106
0.6059072017669678
0.6753556728363037
0.738300085067749
0.794134259223938
0.8423205018043518
0.8823947310447693
0.9139710068702698
0.9367452263832092
0.950498104095459
0.9550971388816833
0.950498104095459
0.9367452263832092
0.9139710068702698
0.8823947310447693
0.8423205018043518
0.794134259223938
0.738300085067749
0.6753556728363037
0.6059072017669678
0.5306235551834106
0.4502297043800354
0.3654998540878296
0.2772500813007355
0.18633021414279938
0.09361589699983597
0.09594860672950745
0.190973162651062
0.2841585576534271
0.3746073544025421
0.46144846081733704
0.5438455939292908
0.6210051774978638
0.6921841502189636
0.7566969394683838
0.8139224052429199
0.863309383392334
0.9043821692466736
0.9367452263832092
0.9600869417190552
0.9741824865341187
0.9788961410522461
0.9741825461387634
0.9600869417190552
0.9367452263832092
0.9043821692466736
0.863309383392334
0.8139224052429199
0.7566969394683838
0.6921841502189636
0.6210051774978638
0.5438455939292908
0.46144846081733704
0.3746073544025421
0.2841585576534271
0.190973162651062
0.09594860672950745
0.09735728055238724
0.1937769502401352
0.28833043575286865
0.38010716438293457
0.4682232439517975
0.5518300533294678
0.6301224827766418
0.7023464441299438
0.7678064703941345
0.8258720636367798
0.8759840726852417
0.9176598787307739
0.950498104095459
0.9741824865341187
0.9884850382804871
0.9932678937911987
0.9884850382804871
0.9741825461387634
0.950498104095459
0.9176598787307739
0.8759840726852417
0.8258720636367798
0.7678064107894897
0.7023464441299438
0.6301224827766418
0.5518300533294678
0.4682232439517975
0.38010716438293457
0.28833043575286865
0.1937769502401352
0.09735728055238724
0.09782835096120834
0.19471456110477448
0.28972554206848145
0.3819463551044464
0.4704887866973877
0.554500162601471
0.6331713795661926
0.7057448029518127
0.7715215086936951
0.8298680782318115
0.8802226185798645
0.9221000075340271
0.9550971388816833
0.9788961410522461
0.9932678937911987
0.9980738759040833
0.9932678937911987
0.9788961410522461
0.9550971388816833
0.9221000075340271
0.8802226185798645
0.8298680782318115
0.7715215682983398
0.7057448029518127
0.6331713795661926
0.554500162601471
0.4704887866973877
0.381946325302124
0.28972554206848145
0.19471456110477448
0.09782835096120834
0.09735728055238724
0.1937769502401352
0.28833043575286865
0.38010716438293457
0.4682232439517975
0.5518300533294678
0.6301224827766418
0.7023464441299438
0.7678064107894897
0.8258720636367798
0.8759840726852417
0.9176598787307739
0.950498104095459
0.9741825461387634
0.9884850382804871
0.9932678937911987
0.9884850382804871
0.9741824865341187
0.950498104095459
0.9176598787307739
0.8759840726852417
0.8258720636367798
0.7678064703941345
0.7023464441299438
0.6301224827766418
0.5518300533294678
0.4682232439517975
0.38010716438293457
0.28833046555519104
0.1937769502401352
0.09735728055238724
0.09594860672950745
0.1909731775522232
0.2841585576534271
0.3746073544025421
0.46144846081733704
0.5438455939292908
0.6210051774978638
0.6921841502189636
0.7566969394683838
0.8139224052429199
0.863309383392334
0.9043821692466736
0.9367452263832092
0.9600869417190552
0.9741825461387634
0.9788961410522461
0.9741824865341187
0.9600869417190552
0.9367452263832092
0.9043821692466736
0.863309383392334
0.8139224052429199
0.7566969990730286
0.6921841502189636
0.6210051774978638
0.5438455939292908
0.46144846081733704
0.3746073544025421
0.2841585576534271
0.1909731775522232
0.09594860672950745
0.09361589699983597
0.18633021414279938
0.2772500813007355
0.3654998540878296
0.4502297043800354
0.5306235551834106
0.6059072017669678
0.6753556728363037
0.738300085067749
0.794134259223938
0.8423205018043518
0.8823947310447693
0.9139710068702698
0.9367452263832092
0.950498104095459
0.9550971388816833
0.950498104095459
0.9367452263832092
0.9139710068702698
0.8823947310447693
0.8423205018043518
0.794134259223938
0.738300085067749
0.6753556728363037
0.6059072017669678
0.5306235551834106
0.4502297043800354
0.3654998540878296
0.2772500813007355
0.18633021414279938
0.09361589699983597
0.09038160741329193
0.17989279329776764
0.26767149567604065
0.35287240147590637
0.4346749484539032
0.5122913122177124
0.5849740505218506
0.652023196220398
0.7127929925918579
0.7666981816291809
0.8132196068763733
0.8519093990325928
0.8823947310447693
0.9043821692466736
0.9176598787307739
0.9221000075340271
0.9176598787307739
0.9043821692466736
0.8823947310447693
0.851909339427948
0.8132196664810181
0.7666981220245361
0.7127929925918579
0.652023196220398
0.5849740505218506
0.5122913122177124
0.4346749484539032
0.35287240147590637
0.26767149567604065
0.17989279329776764
0.09038161486387253
0.08627690374851227
0.1717229187488556
0.25551512837409973
0.33684661984443665
0.41493403911590576
0.4890254735946655
0.5584073066711426
0.6224113702774048
0.6804212927818298
0.7318783402442932
0.7762870192527771
0.8132196664810181
0.8423205018043518
0.863309383392334
0.8759840726852417
0.8802226185798645
0.8759840726852417
0.863309383392334
0.8423205018043518
0.8132196664810181
0.7762870192527771
0.7318783402442932
0.6804212927818298
0.6224113702774048
0.5584073066711426
0.4890254735946655
0.41493403911590576
0.33684661984443665
0.25551512837409973
0.1717229038476944
0.08627690374851227
0.08134129643440247
0.16189923882484436
0.240897998213768
0.3175767958164215
0.3911971151828766
0.46105000376701355
0.526462733745575
0.5868053436279297
0.6414967179298401
0.690010130405426
0.7318783402442932
0.7666981816291809
0.794134259223938
0.8139224052429199
0.8258720636367798
0.8298680782318115
0.8258720636367798
0.8139224052429199
0.794134259223938
0.7666981220245361
0.7318783402442932
0.690010130405426
0.6414967179298401
0.5868053436279297
0.526462733745575
0.46105000376701355
0.3911971151828766
0.3175767660140991
0.240897998213768
0.16189923882484436
0.08134129643440247
0.07562233507633209
0.15051639080047607
0.22396087646484375
0.29524850845336914
0.3636927306652069
0.4286344051361084
0.48944810032844543
0.545548141002655
0.5963941812515259
0.6414967179298401
0.6804212927818298
0.7127929925918579
0.738300085067749
0.7566969394683838
0.7678064107894897
0.7715215682983398
0.7678064703941345
0.7566969990730286
0.738300085067749
0.7127929925918579
0.6804212927818298
0.6414967179298401
0.5963942408561707
0.545548141002655
0.48944810032844543
0.4286344051361084
0.3636927306652069
0.29524850845336914
0.22396087646484375
0.15051639080047607
0.07562233507633209
0.06917508691549301
0.13768398761749268
0.2048669010400772
0.27007684111595154
0.33268579840660095
0.3920907974243164
0.4477197527885437
0.4990369379520416
0.545548141002655
0.5868053436279297
0.6224113702774048
0.652023196220398
0.6753556728363037
0.6921841502189636
0.7023464441299438
0.7057448029518127
0.7023464441299438
0.6921841502189636
0.6753556728363037
0.652023196220398
0.6224113702774048
0.5868053436279297
0.545548141002655
0.4990369379520416
0.4477197527885437
0.3920907974243164
0.33268579840660095
0.27007684111595154
0.2048669010400772
0.13768398761749268
0.06917508691549301
0.062061648815870285
0.12352561205625534
0.18379995226860046
0.24230419099330902
0.29847490787506104
0.35177117586135864
0.401679664850235
0.4477197527885437
0.48944807052612305
0.526462733745575
0.5584073066711426
0.5849740505218506
0.6059072017669678
0.6210051774978638
0.6301224827766418
0.6331713795661926
0.6301224827766418
0.6210051774978638
0.6059072017669678
0.5849740505218506
0.5584073066711426
0.526462733745575
0.48944810032844543
0.4477197527885437
0.401679664850235
0.35177117586135864
0.29847490787506104
0.24230419099330902
0.18379993736743927
0.12352560460567474
0.062061648815870285
0.05435051769018173
0.10817760974168777
0.16096289455890656
0.21219801902770996
0.2613895535469055
0.3080637753009796
0.35177114605903625
0.3920907974243164
0.4286344051361084
0.46105000376701355
0.4890254735946655
0.5122913122177124
0.5306235551834106
0.5438455939292908
0.5518300533294678
0.554500162601471
0.5518300533294678
0.5438455939292908
0.5306235551834106
0.5122913122177124
0.4890254735946655
0.46105000376701355
0.4286344051361084
0.3920907974243164
0.35177117586135864
0.3080637753009796
0.2613895535469055
0.21219801902770996
0.16096289455890656
0.10817760974168777
0.05435052141547203
0.04611596465110779
0.09178780764341354
0.13657568395137787
0.18004825711250305
0.22178687155246735
0.2613895535469055
0.29847490787506104
0.33268579840660095
0.3636927306652069
0.3911971151828766
0.41493403911590576
0.4346749484539032
0.4502297043800354
0.46144846081733704
0.4682232439517975
0.4704887866973877
0.4682232439517975
0.46144846081733704
0.4502297043800354
0.4346749484539032
0.41493403911590576
0.3911971151828766
0.3636927306652069
0.33268579840660095
0.29847490787506104
0.2613895535469055
0.22178687155246735
0.18004825711250305
0.13657568395137787
0.09178780764341354
0.04611596465110779
0.03743728622794151
0.07451403886079788
0.11087317019701004
0.14616453647613525
0.18004825711250305
0.21219801902770996
0.24230419099330902
0.27007684111595154
0.29524850845336914
0.3175767958164215
0.33684661984443665
0.35287240147590637
0.3654998540878296
0.3746073544025421
0.38010716438293457
0.381946325302124
0.38010716438293457
0.3746073544025421
0.3654998540878296
0.35287240147590637
0.33684661984443665
0.3175767958164215
0.29524850845336914
0.27007684111595154
0.24230419099330902
0.21219801902770996
0.18004825711250305
0.14616453647613525
0.11087317019701004
0.07451403141021729
0.03743728622794151
0.028398070484399796
0.05652265250682831
0.08410289138555527
0.11087317019701004
0.13657568395137787
0.16096289455890656
0.18379995226860046
0.2048669010400772
0.22396087646484375
0.240897998213768
0.25551512837409973
0.26767149567604065
0.2772500813007355
0.2841585576534271
0.28833043575286865
0.28972554206848145
0.28833046555519104
0.2841585576534271
0.2772500813007355
0.26767149567604065
0.25551512837409973
0.240897998213768
0.22396087646484375
0.2048669010400772
0.18379993736743927
0.16096289455890656
0.13657568395137787
0.11087317019701004
0.08410289138555527
0.05652265250682831
0.028398070484399796
0.019085364416241646
0.03798692673444748
0.05652265250682831
0.07451403886079788
0.09178780764341354
0.10817760974168777
0.12352561205625534
0.13768398761749268
0.15051639080047607
0.16189923882484436
0.1717229187488556
0.17989279329776764
0.18633021414279938
0.190973162651062
0.1937769502401352
0.19471456110477448
0.1937769502401352
0.1909731775522232
0.18633021414279938
0.17989279329776764
0.1717229038476944
0.16189923882484436
0.15051639080047607
0.13768398761749268
0.12352561205625534
0.10817760974168777
0.09178780764341354
0.07451403141021729
0.05652265250682831
0.03798692673444748
0.019085364416241646
0.009588855318725109
0.019085364416241646
0.028398070484399796
0.03743728622794151
0.04611596465110779
0.05435051769018173
0.062061648815870285
0.06917508691549301
0.07562233507633209
0.08134129643440247
0.08627690374851227
0.09038161486387253
0.09361589699983597
0.09594860672950745
0.09735728055238724
0.09782835096120834
0.09735728055238724
0.09594860672950745
0.09361589699983597
0.09038161486387253
0.08627690374851227
0.08134129643440247
0.07562233507633209
0.06917508691549301
0.062061648815870285
0.05435052141547203
0.04611596465110779
0.03743728622794151
0.028398070484399796
0.019085364416241646
0.009588855318725109
