0.009315581109047136
0.018541612203643944
0.02758875072819725
0.03637068053715681
0.04480169996337251
0.05280204389240541
0.06029294499754663
0.06720425443285535
0.0734671661475722
0.07902384332488924
0.08381808538948114
0.08780659023949132
0.0909479225161047
0.0932149789169785
0.09458268173275824
0.09504116812792851
0.09458268173275822
0.0932149789169785
0.0909479225161047
0.0878065902394913
0.08381808538948114
0.07902384332488924
0.0734671661475722
0.06720425443285535
0.060292944997546616
0.0528020438924054
0.0448016999633725
0.03637068053715681
0.02758875072819725
0.018541612203643944
0.009315581109047136
0.018541612203643944
0.03690498522700297
0.05491229277538814
0.07239173232795816
0.08917272435070488
0.10509650548799804
0.12000629822894608
0.1337624792736795
0.14622809779761003
0.15728803622378235
0.16683043355934465
0.174769102030793
0.18102156914818787
0.18553388897060794
0.18825614697342954
0.18916871241331712
0.1882561469734295
0.18553388897060794
0.18102156914818784
0.17476910203079296
0.1668304335593446
0.15728803622378235
0.14622809779761003
0.1337624792736795
0.12000629822894608
0.10509650548799802
0.08917272435070486
0.07239173232795816
0.05491229277538812
0.03690498522700297
0.018541612203643948
0.02758875072819725
0.05491229277538814
0.08170603183729272
0.10771433652397516
0.13268339532129503
0.15637697833120376
0.17856181064664914
0.1990301414077458
0.2175781964576421
0.234034687929494
0.24823317393408617
0.26004541237831186
0.2693486896168015
0.2760627372700496
0.2801132857984059
0.2814711256495491
0.28011328579840594
0.2760627372700496
0.2693486896168015
0.26004541237831186
0.2482331739340862
0.23403468792949406
0.2175781964576421
0.19903014140774583
0.1785618106466491
0.1563769783312037
0.13268339532129497
0.10771433652397518
0.08170603183729272
0.054912292775388144
0.027588750728197265
0.03637068053715681
0.07239173232795816
0.10771433652397516
0.1420014903547552
0.17491859007986693
0.20615421029787906
0.23540082092869352
0.26238454086183133
0.2868367311984456
0.3085315807306896
0.3272496663709938
0.34282192482601886
0.3550865805256655
0.36393781461578245
0.36927771607123183
0.3710677776819673
0.36927771607123183
0.36393781461578245
0.35508658052566555
0.34282192482601886
0.3272496663709938
0.3085315807306896
0.2868367311984456
0.26238454086183133
0.2354008209286935
0.20615421029787903
0.1749185900798669
0.1420014903547552
0.10771433652397519
0.07239173232795817
0.03637068053715682
0.04480169996337251
0.08917272435070488
0.13268339532129503
0.17491859007986693
0.21546614116247917
0.25394243206536393
0.2899686448672205
0.32320741034613526
0.3533278171770803
0.38005170917408876
0.40310879950857836
0.42229083428946174
0.4373985372985
0.4483015595986835
0.4548792939355993
0.45708430641391373
0.4548792939355993
0.4483015595986835
0.4373985372985
0.42229083428946174
0.40310879950857825
0.38005170917408876
0.3533278171770801
0.32320741034613526
0.2899686448672204
0.25394243206536393
0.21546614116247917
0.1749185900798669
0.13268339532129503
0.08917272435070486
0.044801699963372514
0.05280204389240541
0.10509650548799804
0.15637697833120376
0.20615421029787906
0.25394243206536393
0.2992895239264873
0.34174902130485435
0.38092331047017486
0.41642238837926765
0.4479184282744217
0.47509287717914306
0.4977002929588415
0.5155058136576827
0.5283558140047989
0.5361081494680259
0.5387069162448229
0.536108149468026
0.5283558140047989
0.5155058136576826
0.4977002929588415
0.475092877179143
0.4479184282744217
0.41642238837926765
0.3809233104701748
0.34174902130485435
0.2992895239264872
0.25394243206536393
0.20615421029787903
0.1563769783312037
0.10509650548799802
0.052802043892405406
0.06029294499754663
0.12000629822894608
0.1785618106466491
0.2354008209286935
0.2899686448672205
0.34174902130485435
0.39023214701751163
0.43496399967679217
0.47549924798372883
0.5114635567960176
0.5424931808730007
0.5683078571495015
0.5886394045859523
0.6033124032255175
0.6121645437187958
0.6151319910772236
0.612164543718796
0.6033124032255176
0.5886394045859522
0.5683078571495015
0.5424931808730008
0.511463556796018
0.47549924798372895
0.43496399967679206
0.3902321470175116
0.34174902130485424
0.2899686448672205
0.23540082092869347
0.17856181064664908
0.12000629822894608
0.06029294499754663
0.06720425443285537
0.1337624792736795
0.19903014140774578
0.26238454086183133
0.32320741034613526
0.38092331047017486
0.43496399967679217
0.4848234120526372
0.5300051682864283
0.5700920238596572
0.6046785371589141
0.6334523192113825
0.6561144471969329
0.6724693936821897
0.6823362438689515
0.6856438461240751
0.6823362438689515
0.6724693936821897
0.6561144471969327
0.6334523192113825
0.6046785371589143
0.5700920238596573
0.5300051682864283
0.4848234120526371
0.43496399967679206
0.3809233104701748
0.3232074103461353
0.26238454086183133
0.19903014140774575
0.1337624792736795
0.06720425443285537
0.0734671661475722
0.14622809779761006
0.2175781964576421
0.2868367311984456
0.3533278171770802
0.41642238837926765
0.47549924798372883
0.5300051682864283
0.5793975115488252
0.6232201487947197
0.6610298547887772
0.6924851279618706
0.7172591888447377
0.7351382879834191
0.7459246513427156
0.7495404960218488
0.7459246513427155
0.7351382879834188
0.7172591888447378
0.6924851279618707
0.6610298547887772
0.6232201487947197
0.5793975115488251
0.5300051682864282
0.47549924798372883
0.41642238837926765
0.3533278171770802
0.2868367311984456
0.2175781964576421
0.14622809779761006
0.07346716614757223
0.07902384332488924
0.15728803622378237
0.23403468792949406
0.3085315807306896
0.3800517091740887
0.4479184282744217
0.5114635567960176
0.5700920238596572
0.6232201487947197
0.6703573038097838
0.7110267400513471
0.7448611272697327
0.7715089697340357
0.7907403516835755
0.8023425397580877
0.8062318684260865
0.8023425397580877
0.7907403516835754
0.7715089697340357
0.7448611272697329
0.7110267400513471
0.6703573038097838
0.6232201487947198
0.5700920238596572
0.511463556796018
0.4479184282744217
0.3800517091740887
0.3085315807306896
0.23403468792949408
0.15728803622378237
0.07902384332488925
0.08381808538948114
0.16683043355934465
0.2482331739340862
0.3272496663709939
0.40310879950857836
0.47509287717914306
0.5424931808730007
0.6046785371589141
0.6610298547887772
0.7110267400513471
0.7541635213075762
0.7900505826469558
0.8183151044019131
0.8387132215960734
0.8510192950977655
0.8551445826866705
0.8510192950977656
0.8387132215960732
0.818315104401913
0.7900505826469556
0.7541635213075762
0.7110267400513471
0.6610298547887772
0.6046785371589143
0.5424931808730008
0.47509287717914306
0.40310879950857836
0.3272496663709938
0.2482331739340862
0.16683043355934463
0.08381808538948113
0.08780659023949132
0.174769102030793
0.26004541237831186
0.3428219248260189
0.4222908342894618
0.4977002929588415
0.5683078571495014
0.6334523192113825
0.6924851279618706
0.7448611272697327
0.7900505826469558
0.8276453388151996
0.857254834827556
0.8786236019787537
0.8915152632507829
0.8958368540137753
0.8915152632507829
0.8786236019787536
0.857254834827556
0.8276453388151995
0.7900505826469556
0.7448611272697329
0.6924851279618705
0.6334523192113823
0.5683078571495013
0.4977002929588415
0.42229083428946174
0.34282192482601886
0.26004541237831186
0.174769102030793
0.0878065902394913
0.09094792251610473
0.18102156914818787
0.2693486896168015
0.35508658052566555
0.4373985372985
0.5155058136576827
0.5886394045859523
0.6561144471969329
0.7172591888447379
0.7715089697340357
0.8183151044019131
0.857254834827556
0.8879236280457731
0.9100568753284844
0.9234097437826738
0.9278859419593198
0.9234097437826738
0.9100568753284843
0.8879236280457731
0.8572548348275562
0.8183151044019131
0.7715089697340358
0.7172591888447378
0.6561144471969327
0.5886394045859522
0.5155058136576826
0.4373985372984999
0.35508658052566555
0.26934868961680153
0.1810215691481879
0.0909479225161047
0.0932149789169785
0.18553388897060794
0.2760627372700496
0.36393781461578245
0.4483015595986834
0.5283558140047989
0.6033124032255174
0.6724693936821897
0.7351382879834188
0.7907403516835755
0.8387132215960734
0.8786236019787537
0.9100568753284844
0.9327418378589135
0.9464275530515429
0.9510153296289297
0.9464275530515429
0.9327418378589135
0.9100568753284844
0.8786236019787537
0.8387132215960734
0.7907403516835754
0.735138287983419
0.6724693936821897
0.6033124032255174
0.5283558140047988
0.44830155959868345
0.3639378146157825
0.2760627372700497
0.18553388897060796
0.0932149789169785
0.09458268173275822
0.18825614697342954
0.28011328579840594
0.36927771607123183
0.4548792939355993
0.536108149468026
0.612164543718796
0.6823362438689515
0.7459246513427156
0.8023425397580877
0.8510192950977656
0.8915152632507831
0.9234097437826738
0.9464275530515429
0.960314073304834
0.9649691643045009
0.9603140733048339
0.9464275530515429
0.9234097437826738
0.8915152632507829
0.8510192950977656
0.8023425397580873
0.7459246513427154
0.6823362438689513
0.6121645437187956
0.5361081494680259
0.4548792939355993
0.36927771607123183
0.28011328579840594
0.18825614697342954
0.09458268173275823
0.0950411681279285
0.18916871241331712
0.2814711256495491
0.3710677776819673
0.4570843064139138
0.5387069162448229
0.6151319910772238
0.6856438461240751
0.7495404960218488
0.8062318684260865
0.8551445826866705
0.8958368540137754
0.9278859419593198
0.9510153296289297
0.9649691643045009
0.9696468209507508
0.9649691643045009
0.9510153296289297
0.92788594195932
0.8958368540137753
0.8551445826866704
0.8062318684260864
0.7495404960218488
0.6856438461240751
0.6151319910772236
0.5387069162448229
0.45708430641391384
0.3710677776819673
0.2814711256495491
0.18916871241331715
0.09504116812792851
0.09458268173275823
0.18825614697342954
0.28011328579840594
0.36927771607123183
0.4548792939355993
0.5361081494680259
0.6121645437187958
0.6823362438689513
0.7459246513427155
0.8023425397580877
0.8510192950977656
0.8915152632507829
0.9234097437826737
0.9464275530515428
0.9603140733048339
0.9649691643045009
0.960314073304834
0.9464275530515428
0.9234097437826738
0.8915152632507828
0.8510192950977656
0.8023425397580876
0.7459246513427155
0.6823362438689515
0.612164543718796
0.536108149468026
0.4548792939355993
0.3692777160712318
0.28011328579840594
0.1882561469734296
0.09458268173275824
0.0932149789169785
0.18553388897060794
0.27606273727004965
0.36393781461578245
0.4483015595986835
0.5283558140047989
0.6033124032255175
0.6724693936821897
0.7351382879834188
0.7907403516835754
0.8387132215960732
0.8786236019787536
0.9100568753284844
0.9327418378589135
0.9464275530515427
0.9510153296289295
0.9464275530515427
0.9327418378589135
0.9100568753284846
0.8786236019787537
0.8387132215960734
0.7907403516835754
0.735138287983419
0.6724693936821897
0.6033124032255176
0.5283558140047989
0.4483015595986835
0.36393781461578245
0.2760627372700496
0.18553388897060796
0.09321497891697851
0.09094792251610467
0.18102156914818787
0.2693486896168015
0.35508658052566555
0.43739853729850003
0.5155058136576827
0.5886394045859521
0.6561144471969327
0.7172591888447378
0.7715089697340357
0.818315104401913
0.857254834827556
0.8879236280457731
0.9100568753284846
0.9234097437826738
0.9278859419593198
0.9234097437826738
0.9100568753284846
0.8879236280457733
0.8572548348275562
0.818315104401913
0.7715089697340357
0.7172591888447378
0.6561144471969327
0.5886394045859522
0.5155058136576827
0.4373985372985
0.35508658052566555
0.2693486896168015
0.1810215691481879
0.0909479225161047
0.08780659023949129
0.17476910203079296
0.26004541237831186
0.34282192482601886
0.4222908342894618
0.4977002929588415
0.5683078571495015
0.6334523192113825
0.6924851279618707
0.7448611272697329
0.7900505826469558
0.8276453388151996
0.857254834827556
0.8786236019787537
0.8915152632507828
0.8958368540137753
0.8915152632507828
0.8786236019787537
0.8572548348275562
0.8276453388151996
0.7900505826469558
0.7448611272697329
0.6924851279618706
0.6334523192113825
0.5683078571495013
0.4977002929588415
0.42229083428946174
0.34282192482601886
0.2600454123783119
0.174769102030793
0.0878065902394913
0.08381808538948114
0.1668304335593446
0.24823317393408623
0.3272496663709938
0.40310879950857836
0.4750928771791431
0.5424931808730009
0.6046785371589143
0.6610298547887772
0.7110267400513471
0.7541635213075762
0.7900505826469556
0.8183151044019131
0.8387132215960734
0.8510192950977656
0.8551445826866704
0.8510192950977656
0.8387132215960734
0.818315104401913
0.7900505826469558
0.7541635213075765
0.7110267400513474
0.6610298547887772
0.6046785371589141
0.5424931808730007
0.47509287717914306
0.4031087995085784
0.3272496663709938
0.24823317393408625
0.16683043355934468
0.08381808538948114
0.07902384332488924
0.15728803622378235
0.23403468792949406
0.3085315807306896
0.3800517091740887
0.4479184282744217
0.511463556796018
0.5700920238596573
0.6232201487947197
0.6703573038097838
0.7110267400513474
0.7448611272697329
0.7715089697340357
0.7907403516835754
0.8023425397580873
0.8062318684260864
0.8023425397580876
0.7907403516835754
0.7715089697340357
0.7448611272697329
0.7110267400513474
0.6703573038097839
0.6232201487947199
0.5700920238596572
0.5114635567960176
0.4479184282744217
0.3800517091740888
0.3085315807306896
0.23403468792949408
0.1572880362237824
0.07902384332488925
0.0734671661475722
0.14622809779761003
0.2175781964576421
0.2868367311984455
0.35332781717708006
0.41642238837926754
0.4754992479837289
0.5300051682864283
0.5793975115488251
0.6232201487947197
0.6610298547887772
0.6924851279618707
0.7172591888447378
0.735138287983419
0.7459246513427155
0.7495404960218488
0.7459246513427155
0.735138287983419
0.7172591888447378
0.6924851279618706
0.6610298547887772
0.6232201487947199
0.5793975115488254
0.5300051682864284
0.47549924798372883
0.41642238837926754
0.3533278171770802
0.2868367311984456
0.2175781964576421
0.14622809779761006
0.0734671661475722
0.06720425443285535
0.1337624792736795
0.1990301414077458
0.26238454086183133
0.32320741034613526
0.3809233104701748
0.43496399967679206
0.4848234120526371
0.5300051682864283
0.5700920238596573
0.6046785371589144
0.6334523192113825
0.6561144471969328
0.6724693936821897
0.6823362438689514
0.6856438461240751
0.6823362438689514
0.6724693936821897
0.6561144471969327
0.6334523192113825
0.6046785371589141
0.5700920238596572
0.5300051682864284
0.4848234120526371
0.43496399967679206
0.3809233104701748
0.32320741034613526
0.26238454086183133
0.1990301414077458
0.1337624792736795
0.06720425443285535
0.060292944997546616
0.12000629822894605
0.1785618106466491
0.23540082092869347
0.2899686448672205
0.34174902130485435
0.39023214701751163
0.43496399967679206
0.47549924798372895
0.511463556796018
0.5424931808730008
0.5683078571495014
0.5886394045859521
0.6033124032255175
0.6121645437187958
0.6151319910772235
0.6121645437187958
0.6033124032255175
0.5886394045859522
0.5683078571495013
0.5424931808730007
0.5114635567960176
0.47549924798372883
0.43496399967679206
0.39023214701751163
0.34174902130485435
0.2899686448672204
0.23540082092869347
0.1785618106466491
0.12000629822894608
0.06029294499754663
0.052802043892405406
0.10509650548799802
0.1563769783312037
0.20615421029787903
0.25394243206536393
0.2992895239264873
0.3417490213048544
0.3809233104701748
0.41642238837926765
0.4479184282744217
0.47509287717914306
0.4977002929588415
0.5155058136576827
0.5283558140047989
0.5361081494680259
0.5387069162448229
0.5361081494680259
0.5283558140047989
0.5155058136576827
0.4977002929588415
0.47509287717914306
0.4479184282744217
0.41642238837926754
0.3809233104701748
0.3417490213048544
0.2992895239264873
0.2539424320653638
0.20615421029787903
0.15637697833120373
0.10509650548799802
0.052802043892405406
0.044801699963372514
0.08917272435070488
0.13268339532129503
0.17491859007986693
0.2154661411624792
0.25394243206536393
0.2899686448672205
0.3232074103461353
0.3533278171770802
0.3800517091740887
0.40310879950857836
0.4222908342894617
0.43739853729850003
0.4483015595986836
0.4548792939355993
0.4570843064139137
0.4548792939355993
0.4483015595986836
0.43739853729850003
0.42229083428946174
0.4031087995085784
0.3800517091740888
0.3533278171770802
0.32320741034613526
0.2899686448672205
0.25394243206536393
0.2154661411624792
0.17491859007986693
0.13268339532129503
0.08917272435070486
0.044801699963372514
0.036370680537156815
0.07239173232795816
0.10771433652397516
0.1420014903547552
0.17491859007986693
0.20615421029787903
0.23540082092869347
0.26238454086183133
0.2868367311984456
0.3085315807306896
0.3272496663709939
0.34282192482601886
0.35508658052566555
0.3639378146157825
0.3692777160712319
0.3710677776819673
0.3692777160712318
0.36393781461578245
0.35508658052566555
0.34282192482601886
0.3272496663709938
0.3085315807306896
0.2868367311984456
0.26238454086183133
0.23540082092869347
0.20615421029787903
0.17491859007986693
0.14200149035475523
0.10771433652397519
0.07239173232795817
0.03637068053715682
0.027588750728197258
0.05491229277538812
0.08170603183729272
0.10771433652397519
0.132683395321295
0.15637697833120373
0.1785618106466491
0.19903014140774578
0.2175781964576421
0.23403468792949406
0.24823317393408623
0.26004541237831186
0.26934868961680153
0.2760627372700497
0.280113285798406
0.2814711256495491
0.28011328579840594
0.2760627372700497
0.26934868961680153
0.26004541237831186
0.24823317393408625
0.23403468792949406
0.2175781964576421
0.1990301414077458
0.1785618106466491
0.1563769783312037
0.13268339532129503
0.10771433652397519
0.08170603183729273
0.05491229277538813
0.02758875072819726
0.018541612203643944
0.03690498522700297
0.05491229277538812
0.07239173232795816
0.08917272435070486
0.10509650548799802
0.12000629822894605
0.1337624792736795
0.14622809779761003
0.15728803622378237
0.16683043355934465
0.174769102030793
0.1810215691481879
0.18553388897060796
0.18825614697342954
0.18916871241331715
0.1882561469734296
0.18553388897060796
0.1810215691481879
0.174769102030793
0.16683043355934463
0.15728803622378237
0.14622809779761003
0.1337624792736795
0.12000629822894605
0.10509650548799802
0.08917272435070486
0.07239173232795817
0.05491229277538813
0.03690498522700297
0.018541612203643944
0.009315581109047136
0.018541612203643944
0.027588750728197258
0.036370680537156815
0.04480169996337251
0.052802043892405406
0.06029294499754663
0.06720425443285537
0.07346716614757223
0.07902384332488924
0.08381808538948111
0.0878065902394913
0.0909479225161047
0.0932149789169785
0.09458268173275823
0.09504116812792851
0.09458268173275824
0.09321497891697851
0.0909479225161047
0.0878065902394913
0.08381808538948116
0.07902384332488925
0.07346716614757223
0.06720425443285537
0.06029294499754663
0.052802043892405406
0.044801699963372514
0.03637068053715682
0.02758875072819726
0.018541612203643944
0.009315581109047134
