0.009607359766960144
0.01912219636142254
0.02845287322998047
0.03750953450798988
0.04620496183633804
0.054455406963825226
0.062181416898965836
0.06930858641862869
0.07576827704906464
0.08149827271699905
0.08644340187311172
0.09055603295564651
0.09379655867815018
0.0961337685585022
0.09754516184329987
0.0980171412229538
0.09754516184329987
0.0961337685585022
0.09379655867815018
0.09055603295564651
0.08644340187311172
0.08149827271699905
0.07576827704906464
0.06930858641862869
0.062181416898965836
0.054455406963825226
0.04620496183633804
0.03750953450798988
0.02845287322998047
0.01912219636142254
0.009607359766960144
0.01912219636142254
0.03806023299694061
0.05663173273205757
0.07465783506631851
0.09196493774652481
0.10838637501001358
0.12376399338245392
0.13794969022274017
0.15080685913562775
0.16221167147159576
0.17205430567264557
0.1802399605512619
0.18668979406356812
0.19134171307086945
0.194150909781456
0.19509032368659973
0.194150909781456
0.19134171307086945
0.18668979406356812
0.1802399605512619
0.17205430567264557
0.16221167147159576
0.15080685913562775
0.13794969022274017
0.12376399338245392
0.10838637501001358
0.09196493774652481
0.07465783506631851
0.05663173273205757
0.03806023299694061
0.01912219636142254
0.02845287322998047
0.05663173273205757
0.08426519483327866
0.1110871359705925
0.13683925569057465
0.1612735241651535
0.18415464460849762
0.20526225864887238
0.2243930846452713
0.24136288464069366
0.25600823760032654
0.2681880593299866
0.27778512239456177
0.2847069501876831
0.2888868749141693
0.290284663438797
0.2888868749141693
0.2847069501876831
0.27778512239456177
0.2681880593299866
0.25600823760032654
0.24136288464069366
0.2243930846452713
0.20526225864887238
0.18415464460849762
0.1612735241651535
0.13683925569057465
0.1110871359705925
0.08426519483327866
0.05663173273205757
0.02845287322998047
0.03750953450798988
0.07465783506631851
0.1110871359705925
0.1464466154575348
0.1803957223892212
0.2126075178384781
0.24277180433273315
0.27059805393218994
0.2958182990550995
0.3181896507740021
0.33749666810035706
0.3535533845424652
0.36620521545410156
0.37533026933670044
0.3808407187461853
0.3826834261417389
0.3808407187461853
0.37533026933670044
0.36620521545410156
0.3535533845424652
0.33749666810035706
0.3181896507740021
0.2958182990550995
0.27059805393218994
0.24277180433273315
0.2126075178384781
0.1803957223892212
0.1464466154575348
0.1110871359705925
0.07465783506631851
0.03750953450798988
0.04620496183633804
0.09196493774652481
0.13683925569057465
0.1803957223892212
0.22221487760543823
0.26189398765563965
0.2990509271621704
0.3333278298377991
0.3643946051597595
0.3919520676136017
0.41573479771614075
0.43551379442214966
0.45109856128692627
0.46233898401260376
0.46912682056427
0.4713967442512512
0.46912682056427
0.46233898401260376
0.45109856128692627
0.43551379442214966
0.41573479771614075
0.3919520676136017
0.3643946051597595
0.3333278298377991
0.2990509271621704
0.26189398765563965
0.22221487760543823
0.1803957223892212
0.13683925569057465
0.09196493774652481
0.04620496183633804
0.054455406963825226
0.10838637501001358
0.1612735241651535
0.2126075178384781
0.26189398765563965
0.30865827202796936
0.35245001316070557
0.39284747838974
0.42946159839630127
0.4619397521018982
0.4899691939353943
0.5132799744606018
0.5316475629806519
0.5448951125144958
0.5528950095176697
0.5555702447891235
0.5528950095176697
0.5448951125144958
0.5316475629806519
0.5132799744606018
0.4899691939353943
0.4619397521018982
0.42946159839630127
0.39284747838974
0.35245001316070557
0.30865827202796936
0.26189398765563965
0.2126075178384781
0.1612735241651535
0.10838637501001358
0.054455406963825226
0.062181416898965836
0.12376399338245392
0.18415464460849762
0.24277180433273315
0.2990509271621704
0.35245001316070557
0.40245485305786133
0.44858378171920776
0.49039262533187866
0.5274787545204163
0.5594848990440369
0.5861029624938965
0.6070765256881714
0.6222035884857178
0.6313385367393494
0.6343932747840881
0.6313385367393494
0.6222035884857178
0.6070765256881714
0.5861029624938965
0.5594848990440369
0.5274787545204163
0.49039262533187866
0.44858378171920776
0.40245485305786133
0.35245001316070557
0.2990509271621704
0.24277180433273315
0.18415464460849762
0.12376399338245392
0.062181416898965836
0.06930858641862869
0.13794969022274017
0.20526225864887238
0.27059805393218994
0.3333278298377991
0.39284747838974
0.44858378171920776
0.5
0.5466009378433228
0.5879377722740173
0.6236125230789185
0.6532815098762512
0.6766589879989624
0.6935199499130249
0.7037018537521362
0.7071067690849304
0.7037018537521362
0.6935199499130249
0.6766589879989624
0.6532815098762512
0.6236125230789185
0.5879377722740173
0.5466009378433228
0.5
0.44858378171920776
0.39284747838974
0.3333278298377991
0.27059805393218994
0.20526225864887238
0.13794969022274017
0.06930858641862869
0.07576827704906464
0.15080685913562775
0.2243930846452713
0.2958182990550995
0.3643946051597595
0.42946159839630127
0.49039262533187866
0.5466009378433228
0.5975451469421387
0.642734706401825
0.6817343831062317
0.7141685485839844
0.73972487449646
0.7581572532653809
0.769288182258606
0.7730104327201843
0.769288182258606
0.7581572532653809
0.73972487449646
0.7141685485839844
0.6817343831062317
0.642734706401825
0.5975451469421387
0.5466009378433228
0.49039262533187866
0.42946159839630127
0.3643946051597595
0.2958182990550995
0.2243930846452713
0.15080685913562775
0.07576827704906464
0.08149827271699905
0.16221167147159576
0.24136288464069366
0.3181896507740021
0.3919520676136017
0.4619397521018982
0.5274787545204163
0.5879377722740173
0.642734706401825
0.6913416981697083
0.7332907319068909
0.7681777477264404
0.7956668138504028
0.8154931664466858
0.827465832233429
0.8314695954322815
0.827465832233429
0.8154931664466858
0.7956668138504028
0.7681777477264404
0.7332907319068909
0.6913416981697083
0.642734706401825
0.5879377722740173
0.5274787545204163
0.4619397521018982
0.3919520676136017
0.3181896507740021
0.24136288464069366
0.16221167147159576
0.08149827271699905
0.08644340187311172
0.17205430567264557
0.25600823760032654
0.33749666810035706
0.41573479771614075
0.4899691939353943
0.5594848990440369
0.6236125230789185
0.6817343831062317
0.7332907319068909
0.7777851223945618
0.8147889971733093
0.8439460396766663
0.8649753928184509
0.8776745796203613
0.8819212913513184
0.8776745796203613
0.8649753928184509
0.8439460396766663
0.8147889971733093
0.7777851223945618
0.7332907319068909
0.6817343831062317
0.6236125230789185
0.5594848990440369
0.4899691939353943
0.41573479771614075
0.33749666810035706
0.25600823760032654
0.17205430567264557
0.08644340187311172
0.09055603295564651
0.1802399605512619
0.2681880593299866
0.3535533845424652
0.43551379442214966
0.5132799744606018
0.5861029624938965
0.6532815098762512
0.7141685485839844
0.7681777477264404
0.8147889971733093
0.8535534143447876
0.8840975761413574
0.9061274528503418
0.9194307923316956
0.9238795042037964
0.9194307923316956
0.9061274528503418
0.8840975761413574
0.8535534143447876
0.8147889971733093
0.7681777477264404
0.7141685485839844
0.6532815098762512
0.5861029624938965
0.5132799744606018
0.43551379442214966
0.3535533845424652
0.2681880593299866
0.1802399605512619
0.09055603295564651
0.09379655867815018
0.18668979406356812
0.27778512239456177
0.36620521545410156
0.45109856128692627
0.5316475629806519
0.6070765256881714
0.6766589879989624
0.73972487449646
0.7956668138504028
0.8439460396766663
0.8840975761413574
0.9157348275184631
0.938552975654602
0.9523323774337769
0.9569403529167175
0.9523323774337769
0.938552975654602
0.9157348275184631
0.8840975761413574
0.8439460396766663
0.7956668138504028
0.73972487449646
0.6766589879989624
0.6070765256881714
0.5316475629806519
0.45109856128692627
0.36620521545410156
0.27778512239456177
0.18668979406356812
0.09379655867815018
0.0961337685585022
0.19134171307086945
0.2847069501876831
0.37533026933670044
0.46233898401260376
0.5448951125144958
0.6222035884857178
0.6935199499130249
0.7581572532653809
0.8154931664466858
0.8649753928184509
0.9061274528503418
0.938552975654602
0.9619397521018982
0.976062536239624
0.9807852506637573
0.976062536239624
0.9619397521018982
0.938552975654602
0.9061274528503418
0.8649753928184509
0.8154931664466858
0.7581572532653809
0.6935199499130249
0.6222035884857178
0.5448951125144958
0.46233898401260376
0.37533026933670044
0.2847069501876831
0.19134171307086945
0.0961337685585022
0.09754516184329987
0.194150909781456
0.2888868749141693
0.3808407187461853
0.46912682056427
0.5528950095176697
0.6313385367393494
0.7037018537521362
0.769288182258606
0.827465832233429
0.8776745796203613
0.9194307923316956
0.9523323774337769
0.976062536239624
0.9903926253318787
0.9951847195625305
0.9903926253318787
0.976062536239624
0.9523323774337769
0.9194307923316956
0.8776745796203613
0.827465832233429
0.769288182258606
0.7037018537521362
0.6313385367393494
0.5528950095176697
0.46912682056427
0.3808407187461853
0.2888868749141693
0.194150909781456
0.09754516184329987
0.0980171412229538
0.19509032368659973
0.290284663438797
0.3826834261417389
0.4713967442512512
0.5555702447891235
0.6343932747840881
0.7071067690849304
0.7730104327201843
0.8314695954322815
0.8819212913513184
0.9238795042037964
0.9569403529167175
0.9807852506637573
0.9951847195625305
1.0
0.9951847195625305
0.9807852506637573
0.9569403529167175
0.9238795042037964
0.8819212913513184
0.8314695954322815
0.7730104327201843
0.7071067690849304
0.6343932747840881
0.5555702447891235
0.4713967442512512
0.3826834261417389
0.290284663438797
0.19509032368659973
0.0980171412229538
0.09754516184329987
0.194150909781456
0.2888868749141693
0.3808407187461853
0.46912682056427
0.5528950095176697
0.6313385367393494
0.7037018537521362
0.769288182258606
0.827465832233429
0.8776745796203613
0.9194307923316956
0.9523323774337769
0.976062536239624
0.9903926253318787
0.9951847195625305
0.9903926253318787
0.976062536239624
0.9523323774337769
0.9194307923316956
0.8776745796203613
0.827465832233429
0.769288182258606
0.7037018537521362
0.6313385367393494
0.5528950095176697
0.46912682056427
0.3808407187461853
0.2888868749141693
0.194150909781456
0.09754516184329987
0.0961337685585022
0.19134171307086945
0.2847069501876831
0.37533026933670044
0.46233898401260376
0.5448951125144958
0.6222035884857178
0.6935199499130249
0.7581572532653809
0.8154931664466858
0.8649753928184509
0.9061274528503418
0.938552975654602
0.9619397521018982
0.976062536239624
0.9807852506637573
0.976062536239624
0.9619397521018982
0.938552975654602
0.9061274528503418
0.8649753928184509
0.8154931664466858
0.7581572532653809
0.6935199499130249
0.6222035884857178
0.5448951125144958
0.46233898401260376
0.37533026933670044
0.2847069501876831
0.19134171307086945
0.0961337685585022
0.09379655867815018
0.18668979406356812
0.27778512239456177
0.36620521545410156
0.45109856128692627
0.5316475629806519
0.6070765256881714
0.6766589879989624
0.73972487449646
0.7956668138504028
0.8439460396766663
0.8840975761413574
0.9157348275184631
0.938552975654602
0.9523323774337769
0.9569403529167175
0.9523323774337769
0.938552975654602
0.9157348275184631
0.8840975761413574
0.8439460396766663
0.7956668138504028
0.73972487449646
0.6766589879989624
0.6070765256881714
0.5316475629806519
0.45109856128692627
0.36620521545410156
0.27778512239456177
0.18668979406356812
0.09379655867815018
0.09055603295564651
0.1802399605512619
0.2681880593299866
0.3535533845424652
0.43551379442214966
0.5132799744606018
0.5861029624938965
0.6532815098762512
0.7141685485839844
0.7681777477264404
0.8147889971733093
0.8535534143447876
0.8840975761413574
0.9061274528503418
0.9194307923316956
0.9238795042037964
0.9194307923316956
0.9061274528503418
0.8840975761413574
0.8535534143447876
0.8147889971733093
0.7681777477264404
0.7141685485839844
0.6532815098762512
0.5861029624938965
0.5132799744606018
0.43551379442214966
0.3535533845424652
0.2681880593299866
0.1802399605512619
0.09055603295564651
0.08644340187311172
0.17205430567264557
0.25600823760032654
0.33749666810035706
0.41573479771614075
0.4899691939353943
0.5594848990440369
0.6236125230789185
0.6817343831062317
0.7332907319068909
0.7777851223945618
0.8147889971733093
0.8439460396766663
0.8649753928184509
0.8776745796203613
0.8819212913513184
0.8776745796203613
0.8649753928184509
0.8439460396766663
0.8147889971733093
0.7777851223945618
0.7332907319068909
0.6817343831062317
0.6236125230789185
0.5594848990440369
0.4899691939353943
0.41573479771614075
0.33749666810035706
0.25600823760032654
0.17205430567264557
0.08644340187311172
0.08149827271699905
0.16221167147159576
0.24136288464069366
0.3181896507740021
0.3919520676136017
0.4619397521018982
0.5274787545204163
0.5879377722740173
0.642734706401825
0.6913416981697083
0.7332907319068909
0.7681777477264404
0.7956668138504028
0.8154931664466858
0.827465832233429
0.8314695954322815
0.827465832233429
0.8154931664466858
0.7956668138504028
0.7681777477264404
0.7332907319068909
0.6913416981697083
0.642734706401825
0.5879377722740173
0.5274787545204163
0.4619397521018982
0.3919520676136017
0.3181896507740021
0.24136288464069366
0.16221167147159576
0.08149827271699905
0.07576827704906464
0.15080685913562775
0.2243930846452713
0.2958182990550995
0.3643946051597595
0.42946159839630127
0.49039262533187866
0.5466009378433228
0.5975451469421387
0.642734706401825
0.6817343831062317
0.7141685485839844
0.73972487449646
0.7581572532653809
0.769288182258606
0.7730104327201843
0.769288182258606
0.7581572532653809
0.73972487449646
0.7141685485839844
0.6817343831062317
0.642734706401825
0.5975451469421387
0.5466009378433228
0.49039262533187866
0.42946159839630127
0.3643946051597595
0.2958182990550995
0.2243930846452713
0.15080685913562775
0.07576827704906464
0.06930858641862869
0.13794969022274017
0.20526225864887238
0.27059805393218994
0.3333278298377991
0.39284747838974
0.44858378171920776
0.5
0.5466009378433228
0.5879377722740173
0.6236125230789185
0.6532815098762512
0.6766589879989624
0.6935199499130249
0.7037018537521362
0.7071067690849304
0.7037018537521362
0.6935199499130249
0.6766589879989624
0.6532815098762512
0.6236125230789185
0.5879377722740173
0.5466009378433228
0.5
0.44858378171920776
0.39284747838974
0.3333278298377991
0.27059805393218994
0.20526225864887238
0.13794969022274017
0.06930858641862869
0.062181416898965836
0.12376399338245392
0.18415464460849762
0.24277180433273315
0.2990509271621704
0.35245001316070557
0.40245485305786133
0.44858378171920776
0.49039262533187866
0.5274787545204163
0.5594848990440369
0.5861029624938965
0.6070765256881714
0.6222035884857178
0.6313385367393494
0.6343932747840881
0.6313385367393494
0.6222035884857178
0.6070765256881714
0.5861029624938965
0.5594848990440369
0.5274787545204163
0.49039262533187866
0.44858378171920776
0.40245485305786133
0.35245001316070557
0.2990509271621704
0.24277180433273315
0.18415464460849762
0.12376399338245392
0.062181416898965836
0.054455406963825226
0.10838637501001358
0.1612735241651535
0.2126075178384781
0.26189398765563965
0.30865827202796936
0.35245001316070557
0.39284747838974
0.42946159839630127
0.4619397521018982
0.4899691939353943
0.5132799744606018
0.5316475629806519
0.5448951125144958
0.5528950095176697
0.5555702447891235
0.5528950095176697
0.5448951125144958
0.5316475629806519
0.5132799744606018
0.4899691939353943
0.4619397521018982
0.42946159839630127
0.39284747838974
0.35245001316070557
0.30865827202796936
0.26189398765563965
0.2126075178384781
0.1612735241651535
0.10838637501001358
0.054455406963825226
0.04620496183633804
0.09196493774652481
0.13683925569057465
0.1803957223892212
0.22221487760543823
0.26189398765563965
0.2990509271621704
0.3333278298377991
0.3643946051597595
0.3919520676136017
0.41573479771614075
0.43551379442214966
0.45109856128692627
0.46233898401260376
0.46912682056427
0.4713967442512512
0.46912682056427
0.46233898401260376
0.45109856128692627
0.43551379442214966
0.41573479771614075
0.3919520676136017
0.3643946051597595
0.3333278298377991
0.2990509271621704
0.26189398765563965
0.22221487760543823
0.1803957223892212
0.13683925569057465
0.09196493774652481
0.04620496183633804
0.03750953450798988
0.07465783506631851
0.1110871359705925
0.1464466154575348
0.1803957223892212
0.2126075178384781
0.24277180433273315
0.27059805393218994
0.2958182990550995
0.3181896507740021
0.33749666810035706
0.3535533845424652
0.36620521545410156
0.37533026933670044
0.3808407187461853
0.3826834261417389
0.3808407187461853
0.37533026933670044
0.36620521545410156
0.3535533845424652
0.33749666810035706
0.3181896507740021
0.2958182990550995
0.27059805393218994
0.24277180433273315
0.2126075178384781
0.1803957223892212
0.1464466154575348
0.1110871359705925
0.07465783506631851
0.03750953450798988
0.02845287322998047
0.05663173273205757
0.08426519483327866
0.1110871359705925
0.13683925569057465
0.1612735241651535
0.18415464460849762
0.20526225864887238
0.2243930846452713
0.24136288464069366
0.25600823760032654
0.2681880593299866
0.27778512239456177
0.2847069501876831
0.2888868749141693
0.290284663438797
0.2888868749141693
0.2847069501876831
0.27778512239456177
0.2681880593299866
0.25600823760032654
0.24136288464069366
0.2243930846452713
0.20526225864887238
0.18415464460849762
0.1612735241651535
0.13683925569057465
0.1110871359705925
0.08426519483327866
0.05663173273205757
0.02845287322998047
0.01912219636142254
0.03806023299694061
0.05663173273205757
0.07465783506631851
0.09196493774652481
0.10838637501001358
0.12376399338245392
0.13794969022274017
0.15080685913562775
0.16221167147159576
0.17205430567264557
0.1802399605512619
0.18668979406356812
0.19134171307086945
0.194150909781456
0.19509032368659973
0.194150909781456
0.19134171307086945
0.18668979406356812
0.1802399605512619
0.17205430567264557
0.16221167147159576
0.15080685913562775
0.13794969022274017
0.12376399338245392
0.10838637501001358
0.09196493774652481
0.07465783506631851
0.05663173273205757
0.03806023299694061
0.01912219636142254
0.009607359766960144
0.01912219636142254
0.02845287322998047
0.03750953450798988
0.04620496183633804
0.054455406963825226
0.062181416898965836
0.06930858641862869
0.07576827704906464
0.08149827271699905
0.08644340187311172
0.09055603295564651
0.09379655867815018
0.0961337685585022
0.09754516184329987
0.0980171412229538
0.09754516184329987
0.0961337685585022
0.09379655867815018
0.09055603295564651
0.08644340187311172
0.08149827271699905
0.07576827704906464
0.06930858641862869
0.062181416898965836
0.054455406963825226
0.04620496183633804
0.03750953450798988
0.02845287322998047
0.01912219636142254
0.009607359766960144
