0.009562022984027863
0.019031958654522896
0.028318606317043304
0.037332531064748764
0.04598692059516907
0.054198428988456726
0.061887986958026886
0.06898152083158493
0.07541072368621826
0.08111368119716644
0.08603547513484955
0.09012869745492935
0.09335392713546753
0.0956801176071167
0.09708485007286072
0.09755459427833557
0.09708485007286072
0.0956801101565361
0.09335392713546753
0.09012869745492935
0.08603547513484955
0.08111368119716644
0.07541072368621826
0.06898152083158493
0.061887986958026886
0.054198432713747025
0.04598691686987877
0.037332531064748764
0.028318606317043304
0.019031958654522896
0.009562022984027863
0.019031958654522896
0.03788062930107117
0.05636448785662651
0.07430552691221237
0.09153096377849579
0.10787490010261536
0.12317995727062225
0.13729871809482574
0.15009520947933197
0.1614461988210678
0.1712423861026764
0.17938940227031708
0.18580882251262665
0.19043879210948944
0.19323471188545227
0.19416968524456024
0.19323471188545227
0.19043879210948944
0.18580882251262665
0.17938940227031708
0.1712423861026764
0.1614461988210678
0.15009520947933197
0.13729871809482574
0.12317994982004166
0.10787490010261536
0.09153096377849579
0.07430552691221237
0.05636448785662651
0.03788062930107117
0.019031958654522896
0.028318606317043304
0.05636448785662651
0.08386754989624023
0.11056292057037354
0.13619351387023926
0.16051247715950012
0.18328562378883362
0.2042936384677887
0.2233341932296753
0.24022389948368073
0.25480014085769653
0.2669225037097931
0.276474267244339
0.283363401889801
0.28752362728118896
0.28891482949256897
0.28752362728118896
0.2833634316921234
0.276474267244339
0.2669225037097931
0.25480014085769653
0.24022389948368073
0.2233341932296753
0.2042936384677887
0.18328562378883362
0.16051247715950012
0.13619351387023926
0.11056292802095413
0.08386754989624023
0.05636448785662651
0.028318606317043304
0.037332531064748764
0.07430552691221237
0.11056292057037354
0.14575552940368652
0.17954443395137787
0.21160423755645752
0.24162615835666656
0.26932111382484436
0.29442232847213745
0.3166881203651428
0.3359040319919586
0.35188499093055725
0.36447709798812866
0.3735591173171997
0.3790435194969177
0.3808775842189789
0.3790435194969177
0.3735591173171997
0.36447709798812866
0.35188499093055725
0.3359040319919586
0.3166881203651428
0.29442232847213745
0.26932111382484436
0.24162615835666656
0.21160423755645752
0.17954443395137787
0.14575552940368652
0.11056292057037354
0.07430552691221237
0.037332531064748764
0.04598692059516907
0.09153096377849579
0.13619351387023926
0.17954443395137787
0.22116625308990479
0.2606581151485443
0.2976396977901459
0.3317548632621765
0.3626750409603119
0.39010244607925415
0.41377297043800354
0.4334586262702942
0.4489698112010956
0.46015724539756775
0.46691304445266724
0.4691722095012665
0.46691304445266724
0.46015724539756775
0.44896984100341797
0.4334586262702942
0.41377297043800354
0.39010244607925415
0.3626750409603119
0.3317548632621765
0.2976396977901459
0.2606581151485443
0.22116625308990479
0.17954443395137787
0.13619351387023926
0.09153096377849579
0.04598692059516907
0.054198432713747025
0.10787490010261536
0.16051247715950012
0.21160423755645752
0.2606581151485443
0.30720171332359314
0.35078680515289307
0.3909936249256134
0.4274349808692932
0.4597598910331726
0.4876570403575897
0.5108578205108643
0.5291387438774109
0.5423237681388855
0.5502859354019165
0.552948534488678
0.5502859354019165
0.5423237681388855
0.5291387438774109
0.5108578205108643
0.4876570403575897
0.4597598910331726
0.4274349808692932
0.3909936249256134
0.35078683495521545
0.30720171332359314
0.2606581151485443
0.21160423755645752
0.16051247715950012
0.10787490010261536
0.054198432713747025
0.061887986958026886
0.12317995727062225
0.18328562378883362
0.24162615835666656
0.2976396977901459
0.35078680515289307
0.40055567026138306
0.44646695256233215
0.4880784749984741
0.5249895453453064
0.5568447113037109
0.5833371877670288
0.6042117476463318
0.619267463684082
0.6283592581748962
0.6313996315002441
0.6283592581748962
0.619267463684082
0.6042117476463318
0.5833371877670288
0.5568447709083557
0.5249895453453064
0.4880785048007965
0.44646695256233215
0.40055567026138306
0.35078680515289307
0.2976396977901459
0.24162615835666656
0.1832856386899948
0.12317994982004166
0.061887986958026886
0.06898152083158493
0.13729871809482574
0.2042936384677887
0.26932111382484436
0.3317548632621765
0.3909936249256134
0.44646695256233215
0.4976405203342438
0.5440215468406677
0.5851633548736572
0.6206697225570679
0.6501986980438232
0.6734659075737
0.6902472376823425
0.7003811001777649
0.7037699818611145
0.7003811001777649
0.6902472376823425
0.6734659075737
0.6501986980438232
0.6206697225570679
0.5851633548736572
0.5440215468406677
0.4976404905319214
0.44646695256233215
0.3909936249256134
0.3317548632621765
0.26932111382484436
0.2042936384677887
0.13729870319366455
0.06898152083158493
0.07541072368621826
0.15009520947933197
0.2233341932296753
0.29442232847213745
0.3626750409603119
0.4274349808692932
0.4880784749984741
0.5440215468406677
0.5947253704071045
0.6397016644477844
0.6785172820091248
0.7107983827590942
0.7362341284751892
0.7545795440673828
0.765657901763916
0.7693626284599304
0.765657901763916
0.7545795440673828
0.7362341284751892
0.7107983827590942
0.6785172820091248
0.6397016644477844
0.5947253704071045
0.5440215468406677
0.4880785048007965
0.4274349808692932
0.3626750409603119
0.29442232847213745
0.2233341932296753
0.15009520947933197
0.07541073113679886
0.08111368119716644
0.1614461988210678
0.24022389948368073
0.3166881203651428
0.39010244607925415
0.4597598910331726
0.5249895453453064
0.5851633548736572
0.6397016644477844
0.688079297542572
0.7298303842544556
0.7645527124404907
0.7919120788574219
0.8116448521614075
0.8235610723495483
0.8275459408760071
0.8235610723495483
0.8116448521614075
0.7919120788574219
0.7645527720451355
0.7298303246498108
0.688079297542572
0.6397016048431396
0.5851633548736572
0.5249895453453064
0.4597598910331726
0.39010244607925415
0.3166881203651428
0.24022389948368073
0.1614461988210678
0.08111368864774704
0.08603547513484955
0.1712423861026764
0.25480014085769653
0.3359040319919586
0.41377297043800354
0.4876570403575897
0.5568447113037109
0.6206697225570679
0.6785172820091248
0.7298303842544556
0.7741147875785828
0.8109440207481384
0.839963436126709
0.8608936071395874
0.8735328316688538
0.8777594566345215
0.8735328316688538
0.8608936071395874
0.839963436126709
0.8109440207481384
0.7741147875785828
0.7298303842544556
0.6785172820091248
0.6206697225570679
0.5568447709083557
0.4876570403575897
0.41377297043800354
0.3359040319919586
0.25480014085769653
0.1712423861026764
0.08603548258543015
0.09012869745492935
0.17938940227031708
0.2669225037097931
0.35188499093055725
0.4334586262702942
0.5108578205108643
0.5833371877670288
0.6501986980438232
0.7107983827590942
0.7645527124404907
0.8109440207481384
0.849525511264801
0.8799256086349487
0.9018514752388
0.9150920510292053
0.9195197820663452
0.9150920510292053
0.9018514752388
0.879925549030304
0.849525511264801
0.8109440803527832
0.7645527720451355
0.7107983827590942
0.6501986980438232
0.5833371877670288
0.5108578205108643
0.4334586262702942
0.35188499093055725
0.2669225037097931
0.17938940227031708
0.09012870490550995
0.09335392713546753
0.18580882251262665
0.276474267244339
0.36447709798812866
0.4489698112010956
0.5291387438774109
0.6042117476463318
0.6734659075737
0.7362341284751892
0.7919120788574219
0.839963436126709
0.8799256086349487
0.9114134907722473
0.9341239929199219
0.9478383660316467
0.9524245262145996
0.9478383660316467
0.9341239929199219
0.9114134907722473
0.8799256086349487
0.8399634957313538
0.7919120788574219
0.7362341284751892
0.6734658479690552
0.6042117476463318
0.5291387438774109
0.44896984100341797
0.36447709798812866
0.276474267244339
0.18580882251262665
0.09335392713546753
0.0956801176071167
0.19043877720832825
0.283363401889801
0.3735591173171997
0.46015724539756775
0.5423237681388855
0.619267463684082
0.6902472376823425
0.7545795440673828
0.8116448521614075
0.8608936071395874
0.9018514752388
0.9341239929199219
0.957400381565094
0.9714564681053162
0.976157009601593
0.9714565277099609
0.957400381565094
0.9341239929199219
0.9018514752388
0.8608936071395874
0.8116448521614075
0.7545795440673828
0.6902472376823425
0.619267463684082
0.5423237681388855
0.46015721559524536
0.3735591173171997
0.283363401889801
0.19043877720832825
0.0956801176071167
0.09708485007286072
0.19323471188545227
0.28752362728118896
0.3790435194969177
0.46691304445266724
0.5502859354019165
0.6283592581748962
0.7003811001777649
0.765657901763916
0.8235610723495483
0.8735328316688538
0.9150920510292053
0.9478383660316467
0.9714564681053162
0.9857189655303955
0.9904884696006775
0.9857189655303955
0.9714565277099609
0.9478383660316467
0.9150920510292053
0.8735328316688538
0.8235610723495483
0.765657901763916
0.7003811001777649
0.6283592581748962
0.5502859354019165
0.46691304445266724
0.3790435194969177
0.28752362728118896
0.19323472678661346
0.09708485007286072
0.09755459427833557
0.19416970014572144
0.28891482949256897
0.3808775842189789
0.4691722095012665
0.552948534488678
0.6313996315002441
0.7037699818611145
0.7693626284599304
0.8275459408760071
0.8777594566345215
0.9195197820663452
0.9524245262145996
0.976157009601593
0.9904884696006775
0.9952809810638428
0.9904884696006775
0.9761569499969482
0.9524245262145996
0.9195197820663452
0.8777595162391663
0.8275458812713623
0.7693626284599304
0.7037699222564697
0.6313996315002441
0.552948534488678
0.46917223930358887
0.3808775544166565
0.28891482949256897
0.19416968524456024
0.09755460172891617
0.09708485007286072
0.19323472678661346
0.28752362728118896
0.3790435194969177
0.46691304445266724
0.5502859354019165
0.6283592581748962
0.7003811001777649
0.765657901763916
0.8235610723495483
0.8735328316688538
0.9150920510292053
0.9478383660316467
0.9714565277099609
0.9857189655303955
0.9904884696006775
0.9857190251350403
0.9714564681053162
0.9478383660316467
0.9150920510292053
0.8735328316688538
0.8235610723495483
0.765657901763916
0.7003811001777649
0.6283592581748962
0.5502859354019165
0.46691304445266724
0.3790435194969177
0.28752365708351135
0.19323471188545227
0.09708485007286072
0.0956801101565361
0.19043879210948944
0.2833634316921234
0.3735591173171997
0.46015724539756775
0.5423237681388855
0.619267463684082
0.6902472376823425
0.7545795440673828
0.8116448521614075
0.8608936071395874
0.9018514752388
0.9341239929199219
0.957400381565094
0.9714565277099609
0.9761569499969482
0.9714564681053162
0.957400381565094
0.9341239929199219
0.9018514752388
0.8608936071395874
0.8116448521614075
0.7545795440673828
0.6902472376823425
0.619267463684082
0.5423237681388855
0.46015721559524536
0.3735591173171997
0.283363401889801
0.19043879210948944
0.0956801176071167
0.09335393458604813
0.18580882251262665
0.276474267244339
0.36447709798812866
0.44896984100341797
0.5291387438774109
0.6042117476463318
0.6734659075737
0.7362341284751892
0.7919120788574219
0.839963436126709
0.879925549030304
0.9114134907722473
0.9341239929199219
0.9478383660316467
0.9524245262145996
0.9478383660316467
0.9341239929199219
0.9114134907722473
0.879925549030304
0.8399634957313538
0.7919120788574219
0.7362341284751892
0.6734659075737
0.6042117476463318
0.5291387438774109
0.44896984100341797
0.36447709798812866
0.276474267244339
0.18580880761146545
0.09335393458604813
0.09012869745492935
0.17938940227031708
0.2669225037097931
0.35188499093055725
0.4334586262702942
0.5108578205108643
0.5833371877670288
0.6501986980438232
0.7107983827590942
0.7645527720451355
0.8109440207481384
0.849525511264801
0.8799256086349487
0.9018514752388
0.9150920510292053
0.9195197820663452
0.9150920510292053
0.9018514752388
0.879925549030304
0.849525511264801
0.8109440803527832
0.7645527124404907
0.7107983827590942
0.6501986980438232
0.5833371877670288
0.5108578205108643
0.4334586262702942
0.35188499093055725
0.2669225037097931
0.17938940227031708
0.09012870490550995
0.08603547513484955
0.1712423861026764
0.25480014085769653
0.3359040319919586
0.41377297043800354
0.4876570403575897
0.5568447709083557
0.6206697225570679
0.6785172820091248
0.7298303246498108
0.7741147875785828
0.8109440803527832
0.8399634957313538
0.8608936071395874
0.8735328316688538
0.8777595162391663
0.8735328316688538
0.8608936071395874
0.8399634957313538
0.8109440803527832
0.7741147875785828
0.7298303246498108
0.6785172820091248
0.6206697225570679
0.5568447113037109
0.4876570403575897
0.41377297043800354
0.3359040319919586
0.25480014085769653
0.1712423861026764
0.08603548258543015
0.08111368119716644
0.1614461988210678
0.24022391438484192
0.3166881203651428
0.39010244607925415
0.4597598910331726
0.5249895453453064
0.5851633548736572
0.6397016644477844
0.688079297542572
0.7298303842544556
0.7645527720451355
0.7919120788574219
0.8116448521614075
0.8235610723495483
0.8275458812713623
0.8235610723495483
0.8116448521614075
0.7919120788574219
0.7645527124404907
0.7298303246498108
0.688079297542572
0.6397016644477844
0.5851633548736572
0.5249895453453064
0.4597598910331726
0.39010244607925415
0.3166881203651428
0.24022389948368073
0.1614461988210678
0.08111368864774704
0.07541072368621826
0.15009520947933197
0.2233341932296753
0.29442232847213745
0.3626750409603119
0.4274349808692932
0.4880785048007965
0.5440215468406677
0.5947253704071045
0.6397016048431396
0.6785172820091248
0.7107983827590942
0.7362341284751892
0.7545795440673828
0.765657901763916
0.7693626284599304
0.765657901763916
0.7545795440673828
0.7362341284751892
0.7107983827590942
0.6785172820091248
0.6397016644477844
0.5947253704071045
0.5440215468406677
0.4880785048007965
0.4274349808692932
0.3626750409603119
0.29442232847213745
0.2233341932296753
0.15009520947933197
0.07541073113679886
0.06898152083158493
0.13729871809482574
0.2042936384677887
0.26932111382484436
0.3317548632621765
0.3909936249256134
0.44646695256233215
0.4976404905319214
0.5440215468406677
0.5851633548736572
0.6206697225570679
0.6501986980438232
0.6734658479690552
0.6902472376823425
0.7003811001777649
0.7037699222564697
0.7003811001777649
0.6902472376823425
0.6734659075737
0.6501986980438232
0.6206697225570679
0.5851633548736572
0.5440215468406677
0.4976405203342438
0.44646695256233215
0.3909936249256134
0.3317548632621765
0.26932111382484436
0.2042936384677887
0.13729870319366455
0.06898152083158493
0.061887986958026886
0.12317995727062225
0.18328562378883362
0.24162615835666656
0.2976396977901459
0.35078683495521545
0.40055567026138306
0.44646695256233215
0.4880785048007965
0.5249895453453064
0.5568447709083557
0.5833371877670288
0.6042117476463318
0.619267463684082
0.6283592581748962
0.6313996315002441
0.6283592581748962
0.619267463684082
0.6042117476463318
0.5833371877670288
0.5568447113037109
0.5249895453453064
0.4880785048007965
0.44646695256233215
0.40055567026138306
0.35078683495521545
0.2976396977901459
0.24162617325782776
0.18328562378883362
0.12317994982004166
0.061887986958026886
0.054198432713747025
0.10787490755319595
0.16051247715950012
0.21160423755645752
0.2606581151485443
0.30720171332359314
0.35078680515289307
0.3909936249256134
0.4274349808692932
0.4597598910331726
0.4876570403575897
0.5108578205108643
0.5291387438774109
0.5423237681388855
0.5502859354019165
0.552948534488678
0.5502859354019165
0.5423237681388855
0.5291387438774109
0.5108578205108643
0.4876570403575897
0.4597598910331726
0.4274349808692932
0.3909936249256134
0.35078683495521545
0.30720171332359314
0.2606581151485443
0.21160423755645752
0.16051247715950012
0.10787490010261536
0.054198432713747025
0.04598691686987877
0.09153096377849579
0.13619351387023926
0.17954443395137787
0.22116625308990479
0.2606581151485443
0.2976396977901459
0.3317548632621765
0.3626750409603119
0.39010244607925415
0.41377297043800354
0.4334586262702942
0.44896984100341797
0.46015721559524536
0.46691304445266724
0.46917223930358887
0.46691304445266724
0.46015721559524536
0.44896984100341797
0.4334586262702942
0.41377297043800354
0.39010244607925415
0.3626750409603119
0.3317548632621765
0.2976396977901459
0.2606581151485443
0.22116625308990479
0.17954443395137787
0.13619351387023926
0.09153096377849579
0.04598692059516907
0.037332531064748764
0.07430552691221237
0.11056292802095413
0.14575552940368652
0.17954443395137787
0.21160423755645752
0.24162615835666656
0.26932111382484436
0.29442232847213745
0.3166881203651428
0.3359040319919586
0.35188499093055725
0.36447709798812866
0.3735591173171997
0.3790435194969177
0.3808775544166565
0.3790435194969177
0.3735591173171997
0.36447709798812866
0.35188499093055725
0.3359040319919586
0.3166881203651428
0.29442235827445984
0.26932111382484436
0.24162617325782776
0.21160423755645752
0.17954443395137787
0.14575552940368652
0.11056292057037354
0.07430552691221237
0.037332531064748764
0.028318604454398155
0.05636448785662651
0.08386754989624023
0.11056292802095413
0.13619351387023926
0.16051247715950012
0.1832856386899948
0.2042936384677887
0.2233341932296753
0.24022391438484192
0.25480014085769653
0.2669225037097931
0.276474267244339
0.283363401889801
0.28752362728118896
0.28891482949256897
0.28752362728118896
0.283363401889801
0.276474267244339
0.2669225037097931
0.25480014085769653
0.24022389948368073
0.2233341932296753
0.2042936384677887
0.18328562378883362
0.16051247715950012
0.13619351387023926
0.11056292057037354
0.08386754989624023
0.05636448785662651
0.028318606317043304
0.019031958654522896
0.03788062930107117
0.05636448785662651
0.07430552691221237
0.09153096377849579
0.10787490755319595
0.12317994982004166
0.13729870319366455
0.15009520947933197
0.1614461988210678
0.1712423861026764
0.17938940227031708
0.18580882251262665
0.19043877720832825
0.19323472678661346
0.19416968524456024
0.19323471188545227
0.19043879210948944
0.18580880761146545
0.17938940227031708
0.1712423861026764
0.1614461988210678
0.15009520947933197
0.13729870319366455
0.12317994982004166
0.10787490010261536
0.09153096377849579
0.07430552691221237
0.05636448785662651
0.03788062930107117
0.019031958654522896
0.009562022984027863
0.019031958654522896
0.028318606317043304
0.037332531064748764
0.04598692059516907
0.054198432713747025
0.061887986958026886
0.06898152083158493
0.07541073113679886
0.08111368864774704
0.08603548258543015
0.09012870490550995
0.09335392713546753
0.0956801176071167
0.09708485007286072
0.09755460172891617
0.09708485007286072
0.0956801176071167
0.09335393458604813
0.09012870490550995
0.08603548258543015
0.08111368864774704
0.07541073113679886
0.06898152083158493
0.061887986958026886
0.054198432713747025
0.04598692059516907
0.037332531064748764
0.028318606317043304
0.019031958654522896
0.009562022984027863
