0.008500320836901665
0.016918780282139778
0.025174302980303764
0.0331873819231987
0.040880847722291946
0.048180609941482544
0.05501636862754822
0.06132228672504425
0.06703763455152512
0.07210737466812134
0.07648268342018127
0.08012142777442932
0.08298856019973755
0.08505646139383316
0.08630522340536118
0.08672280609607697
0.08630521595478058
0.08505645394325256
0.08298856019973755
0.08012142777442932
0.07648268342018127
0.07210738211870193
0.06703764200210571
0.06132228672504425
0.05501636862754822
0.04818061366677284
0.040880851447582245
0.0331873819231987
0.025174304842948914
0.016918780282139778
0.008500320836901665
0.01691877841949463
0.03367462381720543
0.05010616034269333
0.06605515629053116
0.08136799186468124
0.09589721262454987
0.1095028966665268
0.12205400317907333
0.1334296613931656
0.143520325422287
0.15222880244255066
0.15947124361991882
0.16517788171768188
0.16929377615451813
0.17177927494049072
0.17261043190956116
0.17177927494049072
0.16929377615451813
0.16517788171768188
0.15947124361991882
0.15222880244255066
0.143520325422287
0.1334296613931656
0.12205400317907333
0.10950290411710739
0.09589722007513046
0.08136799186468124
0.06605515629053116
0.05010616406798363
0.03367462381720543
0.01691877841949463
0.025174301117658615
0.05010616034269333
0.07455547153949738
0.09828677028417587
0.12107151746749878
0.1426902860403061
0.16293483972549438
0.18161025643348694
0.198536679148674
0.2135510891675949
0.22650888562202454
0.23728527128696442
0.2457764595746994
0.25190070271492004
0.2555989921092987
0.2568357288837433
0.2555989921092987
0.25190070271492004
0.2457764595746994
0.23728527128696442
0.22650888562202454
0.2135511040687561
0.1985366940498352
0.18161027133464813
0.16293485462665558
0.1426902860403061
0.12107151746749878
0.09828677773475647
0.07455547899007797
0.05010616406798363
0.025174302980303764
0.0331873819231987
0.06605515629053116
0.09828677028417587
0.1295718401670456
0.15960906445980072
0.1881091594696045
0.21479764580726624
0.23941755294799805
0.26173171401023865
0.28152525424957275
0.2986075282096863
0.3128141164779663
0.3240080773830414
0.33208167552948
0.3369571566581726
0.33858755230903625
0.3369571566581726
0.33208167552948
0.3240080773830414
0.3128141164779663
0.2986075282096863
0.28152525424957275
0.26173171401023865
0.23941756784915924
0.21479767560958862
0.18810917437076569
0.15960906445980072
0.1295718401670456
0.09828677028417587
0.06605514883995056
0.0331873819231987
0.040880847722291946
0.08136799186468124
0.12107151746749878
0.15960906445980072
0.1966094821691513
0.23171643912792206
0.26459187269210815
0.29491910338401794
0.3224061131477356
0.3467881679534912
0.36783045530319214
0.38533034920692444
0.3991193175315857
0.40906453132629395
0.41507023572921753
0.41707858443260193
0.41507023572921753
0.40906453132629395
0.3991193175315857
0.38533034920692444
0.36783045530319214
0.3467881381511688
0.3224060833454132
0.29491910338401794
0.26459187269210815
0.23171645402908325
0.1966094821691513
0.15960906445980072
0.12107151746749878
0.08136799186468124
0.040880847722291946
0.048180609941482544
0.09589721262454987
0.1426902860403061
0.1881091594696045
0.23171645402908325
0.2730921804904938
0.3118378818035126
0.3475804030895233
0.3799755275249481
0.40871134400367737
0.43351098895072937
0.4541357159614563
0.4703868329524994
0.48210787773132324
0.48918598890304565
0.4915529191493988
0.48918598890304565
0.48210784792900085
0.470386803150177
0.4541356861591339
0.43351098895072937
0.408711314201355
0.3799755275249481
0.3475803732872009
0.3118378818035126
0.2730921804904938
0.23171643912792206
0.1881091445684433
0.1426902711391449
0.09589721262454987
0.048180609941482544
0.05501636862754822
0.1095028892159462
0.16293485462665558
0.21479766070842743
0.26459187269210815
0.3118378818035126
0.35608071088790894
0.39689433574676514
0.4338856339454651
0.4666983485221863
0.49501654505729675
0.5185674428939819
0.5371242165565491
0.5505082607269287
0.5585905909538269
0.561293363571167
0.5585905909538269
0.5505082607269287
0.5371242165565491
0.5185673832893372
0.49501654505729675
0.4666983485221863
0.4338856339454651
0.39689433574676514
0.3560807406902313
0.3118378818035126
0.26459184288978577
0.21479764580726624
0.16293483972549438
0.1095028892159462
0.05501636862754822
0.06132228672504425
0.12205400317907333
0.18161027133464813
0.23941755294799805
0.29491910338401794
0.3475804030895233
0.39689433574676514
0.4423859417438507
0.4836171269416809
0.5201908349990845
0.5517548322677612
0.5780050754547119
0.5986888408660889
0.6136069297790527
0.62261563539505
0.6256282329559326
0.6226156949996948
0.6136069893836975
0.5986889004707336
0.5780051350593567
0.5517548322677612
0.5201908946037292
0.4836171865463257
0.4423859715461731
0.3968943655490875
0.3475804030895233
0.29491910338401794
0.23941755294799805
0.18161027133464813
0.12205400317907333
0.06132228672504425
0.06703763455152512
0.1334296613931656
0.1985366940498352
0.26173171401023865
0.3224061131477356
0.3799755275249481
0.4338856339454651
0.4836171269416809
0.5286911725997925
0.5686736106872559
0.603179395198822
0.6318762302398682
0.6544877290725708
0.6707962155342102
0.6806445717811584
0.6839379668235779
0.6806445717811584
0.670796275138855
0.6544877886772156
0.6318762898445129
0.6031794548034668
0.5686736702919006
0.5286912322044373
0.4836171865463257
0.4338856637477875
0.3799755573272705
0.3224061131477356
0.26173171401023865
0.1985366940498352
0.1334296613931656
0.06703763455152512
0.07210737466812134
0.143520325422287
0.2135510891675949
0.28152525424957275
0.3467881679534912
0.40871134400367737
0.4666983485221863
0.5201908349990845
0.5686736106872559
0.6116796731948853
0.6487950086593628
0.6796620488166809
0.7039836049079895
0.7215254306793213
0.7321184873580933
0.7356609106063843
0.7321184873580933
0.7215254306793213
0.7039836049079895
0.6796621084213257
0.6487950682640076
0.6116797924041748
0.5686736702919006
0.5201908946037292
0.46669837832450867
0.40871134400367737
0.3467881679534912
0.28152525424957275
0.2135511040687561
0.143520325422287
0.07210738211870193
0.07648268342018127
0.15222880244255066
0.22650888562202454
0.2986075282096863
0.36783045530319214
0.43351098895072937
0.49501654505729675
0.5517548322677612
0.603179395198822
0.6487950086593628
0.6881623864173889
0.7209023833274841
0.7466996908187866
0.7653059363365173
0.7765417695045471
0.7802991271018982
0.7765417695045471
0.7653059363365173
0.7466997504234314
0.7209024429321289
0.6881624460220337
0.6487950682640076
0.6031794548034668
0.551754891872406
0.49501654505729675
0.43351098895072937
0.36783045530319214
0.2986075282096863
0.22650888562202454
0.15222881734371185
0.07648269087076187
0.08012142777442932
0.15947124361991882
0.23728527128696442
0.3128141164779663
0.38533034920692444
0.4541356861591339
0.5185674428939819
0.5780050754547119
0.6318762302398682
0.6796620488166809
0.7209023833274841
0.7552000284194946
0.7822246551513672
0.8017160892486572
0.8134865760803223
0.8174226880073547
0.8134865164756775
0.8017160892486572
0.7822246551513672
0.7552000284194946
0.7209024429321289
0.6796621084213257
0.6318762898445129
0.5780051350593567
0.5185674428939819
0.4541356861591339
0.38533034920692444
0.3128140866756439
0.23728527128696442
0.15947125852108002
0.08012143522500992
0.08298855274915695
0.16517788171768188
0.2457764595746994
0.3240080773830414
0.3991193175315857
0.4703868329524994
0.5371242165565491
0.5986888408660889
0.6544877290725708
0.7039836049079895
0.7466996908187866
0.7822246551513672
0.8102164268493652
0.8304053544998169
0.8425970077514648
0.8466739654541016
0.8425969481468201
0.8304052948951721
0.8102164268493652
0.782224714756012
0.7466997504234314
0.7039836049079895
0.6544877886772156
0.5986888408660889
0.5371242761611938
0.4703868329524994
0.3991193175315857
0.3240080773830414
0.2457764595746994
0.16517788171768188
0.08298856019973755
0.08505645394325256
0.16929377615451813
0.25190070271492004
0.33208167552948
0.40906453132629395
0.48210787773132324
0.5505082607269287
0.6136069297790527
0.6707962155342102
0.7215254306793213
0.7653059363365173
0.8017160892486572
0.8304053544998169
0.8510972857475281
0.8635926842689514
0.8677712678909302
0.8635926842689514
0.8510972857475281
0.8304053544998169
0.8017160892486572
0.7653059363365173
0.7215254306793213
0.670796275138855
0.6136069297790527
0.5505082607269287
0.48210787773132324
0.40906453132629395
0.33208167552948
0.25190070271492004
0.16929377615451813
0.08505646139383316
0.08630521595478058
0.17177926003932953
0.2555989921092987
0.3369571566581726
0.41507023572921753
0.48918598890304565
0.5585905909538269
0.62261563539505
0.6806445717811584
0.7321184873580933
0.7765417695045471
0.8134865760803223
0.8425970077514648
0.8635926842689514
0.8762716054916382
0.8805115222930908
0.8762716054916382
0.8635926842689514
0.8425969481468201
0.8134865164756775
0.7765417695045471
0.7321184873580933
0.6806445717811584
0.62261563539505
0.5585905909538269
0.48918598890304565
0.41507023572921753
0.3369571566581726
0.2555989921092987
0.17177927494049072
0.08630521595478058
0.08672280609607697
0.17261043190956116
0.2568357288837433
0.33858755230903625
0.41707858443260193
0.4915529191493988
0.561293363571167
0.6256282329559326
0.6839379668235779
0.7356609106063843
0.7802991271018982
0.8174226880073547
0.8466739654541016
0.8677712678909302
0.8805115222930908
0.8847719430923462
0.8805115222930908
0.8677712678909302
0.8466739058494568
0.8174226880073547
0.7802991271018982
0.7356609106063843
0.6839379668235779
0.6256282329559326
0.561293363571167
0.4915529191493988
0.41707858443260193
0.33858752250671387
0.2568357288837433
0.17261044681072235
0.08672280609607697
0.08630522340536118
0.17177927494049072
0.2555989921092987
0.3369571566581726
0.41507023572921753
0.48918598890304565
0.5585905909538269
0.6226156949996948
0.6806445717811584
0.7321184873580933
0.7765417695045471
0.8134865164756775
0.8425969481468201
0.8635926842689514
0.8762716054916382
0.8805115222930908
0.8762716054916382
0.8635926842689514
0.8425969481468201
0.8134865760803223
0.7765418291091919
0.7321184873580933
0.6806445717811584
0.62261563539505
0.5585905909538269
0.48918595910072327
0.41507023572921753
0.3369571566581726
0.2555989921092987
0.17177926003932953
0.08630521595478058
0.08505646139383316
0.16929379105567932
0.25190070271492004
0.33208167552948
0.40906453132629395
0.48210787773132324
0.5505082607269287
0.6136069893836975
0.670796275138855
0.7215254306793213
0.7653059363365173
0.8017160892486572
0.8304052948951721
0.8510972857475281
0.8635926842689514
0.8677712678909302
0.8635926842689514
0.8510972261428833
0.8304052948951721
0.8017160892486572
0.7653059363365173
0.7215254306793213
0.6707962155342102
0.6136069297790527
0.5505082607269287
0.48210787773132324
0.40906453132629395
0.33208167552948
0.25190070271492004
0.16929377615451813
0.08505645394325256
0.08298856019973755
0.16517788171768188
0.2457764595746994
0.3240080773830414
0.3991193175315857
0.470386803150177
0.5371242165565491
0.5986889004707336
0.6544877886772156
0.7039836049079895
0.7466997504234314
0.7822246551513672
0.8102164268493652
0.8304053544998169
0.8425969481468201
0.8466739058494568
0.8425969481468201
0.8304052948951721
0.8102163672447205
0.7822246551513672
0.7466997504234314
0.7039836645126343
0.6544877886772156
0.5986888408660889
0.5371242761611938
0.4703868329524994
0.3991193175315857
0.3240080773830414
0.2457764446735382
0.16517788171768188
0.08298855274915695
0.08012142777442932
0.15947124361991882
0.23728527128696442
0.3128141164779663
0.3853303790092468
0.4541357159614563
0.5185674428939819
0.5780051350593567
0.6318762898445129
0.6796621084213257
0.7209024429321289
0.7552000284194946
0.782224714756012
0.8017160892486572
0.8134865164756775
0.8174226880073547
0.8134865760803223
0.8017160892486572
0.7822246551513672
0.7552000284194946
0.7209024429321289
0.6796621084213257
0.6318762898445129
0.5780051350593567
0.5185674428939819
0.4541357159614563
0.3853303790092468
0.3128141164779663
0.23728525638580322
0.15947124361991882
0.08012142777442932
0.07648269087076187
0.15222880244255066
0.22650888562202454
0.29860755801200867
0.3678304851055145
0.43351098895072937
0.49501654505729675
0.5517548322677612
0.6031794548034668
0.6487950682640076
0.6881624460220337
0.7209024429321289
0.7466997504234314
0.7653059363365173
0.7765417695045471
0.7802991271018982
0.7765418291091919
0.7653059363365173
0.7466997504234314
0.7209024429321289
0.6881623864173889
0.6487950086593628
0.603179395198822
0.5517548322677612
0.49501654505729675
0.43351098895072937
0.36783045530319214
0.2986075282096863
0.22650887072086334
0.15222880244255066
0.07648268342018127
0.07210738211870193
0.143520325422287
0.2135511040687561
0.28152525424957275
0.3467881679534912
0.40871134400367737
0.4666983485221863
0.5201908946037292
0.5686736702919006
0.6116797924041748
0.6487950682640076
0.6796621084213257
0.7039836049079895
0.7215254306793213
0.7321184873580933
0.7356609106063843
0.7321184873580933
0.7215254306793213
0.7039836645126343
0.6796621084213257
0.6487950086593628
0.6116796731948853
0.5686736106872559
0.5201908946037292
0.46669837832450867
0.40871134400367737
0.3467881679534912
0.28152525424957275
0.2135510891675949
0.143520325422287
0.07210737466812134
0.06703764200210571
0.1334296613931656
0.1985366940498352
0.26173171401023865
0.3224061131477356
0.3799755573272705
0.4338856339454651
0.4836171865463257
0.5286912322044373
0.5686736702919006
0.6031794548034668
0.6318762898445129
0.6544877886772156
0.670796275138855
0.6806445717811584
0.6839379668235779
0.6806445717811584
0.6707962155342102
0.6544877886772156
0.6318762898445129
0.603179395198822
0.5686736106872559
0.5286911725997925
0.4836171567440033
0.4338856339454651
0.3799755573272705
0.3224061131477356
0.26173171401023865
0.1985366940498352
0.1334296613931656
0.06703763455152512
0.06132228672504425
0.12205401062965393
0.18161027133464813
0.23941755294799805
0.29491910338401794
0.3475804030895233
0.39689433574676514
0.4423859715461731
0.4836171865463257
0.5201908946037292
0.551754891872406
0.5780051350593567
0.5986888408660889
0.6136069297790527
0.62261563539505
0.6256282329559326
0.62261563539505
0.6136069297790527
0.5986888408660889
0.5780050754547119
0.5517548322677612
0.5201908349990845
0.4836171567440033
0.4423859715461731
0.39689433574676514
0.3475804328918457
0.29491910338401794
0.23941755294799805
0.18161027133464813
0.12205400317907333
0.06132228672504425
0.055016372352838516
0.10950290411710739
0.16293485462665558
0.21479766070842743
0.26459187269210815
0.3118378818035126
0.3560807406902313
0.3968943655490875
0.4338856637477875
0.46669837832450867
0.49501657485961914
0.5185674428939819
0.5371242165565491
0.5505082607269287
0.5585905909538269
0.561293363571167
0.5585905909538269
0.5505082607269287
0.5371242165565491
0.5185673832893372
0.49501651525497437
0.46669837832450867
0.4338856339454651
0.39689433574676514
0.3560807406902313
0.3118378818035126
0.26459187269210815
0.21479766070842743
0.16293485462665558
0.1095028966665268
0.05501636862754822
0.04818061366677284
0.09589722007513046
0.1426902860403061
0.18810917437076569
0.23171645402908325
0.2730921804904938
0.3118378818035126
0.3475804030895233
0.3799755573272705
0.40871134400367737
0.43351098895072937
0.4541356861591339
0.470386803150177
0.48210787773132324
0.48918598890304565
0.4915529191493988
0.48918595910072327
0.48210787773132324
0.470386803150177
0.4541356861591339
0.43351098895072937
0.40871134400367737
0.3799755573272705
0.3475804328918457
0.3118378818035126
0.27309221029281616
0.23171645402908325
0.18810917437076569
0.1426902860403061
0.09589721262454987
0.04818061366677284
0.040880851447582245
0.08136799186468124
0.12107151746749878
0.15960906445980072
0.1966094821691513
0.23171645402908325
0.26459187269210815
0.29491910338401794
0.3224061131477356
0.3467881679534912
0.3678304851055145
0.38533034920692444
0.3991193175315857
0.40906453132629395
0.41507023572921753
0.41707858443260193
0.41507023572921753
0.40906453132629395
0.3991193175315857
0.3853303790092468
0.36783045530319214
0.3467881679534912
0.3224061131477356
0.29491910338401794
0.26459187269210815
0.23171645402908325
0.1966094970703125
0.15960906445980072
0.12107151746749878
0.08136799186468124
0.040880851447582245
0.033187385648489
0.06605515629053116
0.09828677773475647
0.1295718550682068
0.15960906445980072
0.1881091594696045
0.21479766070842743
0.23941755294799805
0.26173171401023865
0.28152525424957275
0.29860755801200867
0.3128141164779663
0.3240080773830414
0.33208167552948
0.3369571566581726
0.33858752250671387
0.3369571566581726
0.33208167552948
0.3240080773830414
0.3128141164779663
0.2986075282096863
0.28152525424957275
0.26173171401023865
0.23941755294799805
0.21479766070842743
0.18810917437076569
0.15960906445980072
0.1295718401670456
0.09828677028417587
0.06605515629053116
0.0331873819231987
0.025174304842948914
0.05010616406798363
0.07455547899007797
0.09828677773475647
0.12107151746749878
0.1426902860403061
0.16293485462665558
0.18161027133464813
0.1985366940498352
0.2135511040687561
0.22650888562202454
0.23728527128696442
0.2457764446735382
0.25190070271492004
0.2555989921092987
0.2568357288837433
0.2555989921092987
0.25190070271492004
0.2457764446735382
0.23728525638580322
0.22650887072086334
0.2135510891675949
0.1985366940498352
0.18161027133464813
0.16293485462665558
0.1426902860403061
0.12107151746749878
0.09828677028417587
0.07455547153949738
0.05010616406798363
0.025174302980303764
0.016918780282139778
0.03367462381720543
0.05010616406798363
0.06605515629053116
0.08136799186468124
0.09589722007513046
0.1095028966665268
0.12205400317907333
0.1334296613931656
0.143520325422287
0.15222881734371185
0.15947124361991882
0.16517788171768188
0.16929377615451813
0.17177926003932953
0.17261043190956116
0.17177926003932953
0.16929377615451813
0.16517788171768188
0.15947124361991882
0.15222880244255066
0.143520325422287
0.1334296613931656
0.12205400317907333
0.10950290411710739
0.09589722007513046
0.08136799186468124
0.06605515629053116
0.05010616406798363
0.03367462381720543
0.016918780282139778
0.008500320836901665
0.01691877841949463
0.025174302980303764
0.0331873819231987
0.040880851447582245
0.048180609941482544
0.05501636862754822
0.06132228672504425
0.06703763455152512
0.07210738211870193
0.07648269087076187
0.08012142777442932
0.08298855274915695
0.08505645394325256
0.08630521595478058
0.08672280609607697
0.08630521595478058
0.08505645394325256
0.08298855274915695
0.08012142777442932
0.07648268342018127
0.07210737466812134
0.06703763455152512
0.06132228672504425
0.055016372352838516
0.04818061366677284
0.040880851447582245
0.0331873819231987
0.025174302980303764
0.016918780282139778
0.00850032176822424
