0.009317820182988277
0.018546077426470315
0.02759538190395739
0.03637943938681849
0.044812468407998275
0.05281475977047763
0.06030743688480071
0.0672204386740293
0.07348482456238721
0.07904287397976248
0.08383823173136738
0.0878277359726234
0.09096978257226543
0.09323742710679328
0.09460541542955563
0.09506405610097945
0.0946054154295556
0.09323742710679328
0.09096978257226543
0.08782773597262339
0.08383823173136738
0.07904287397976248
0.07348482456238721
0.0672204386740293
0.0603074368848007
0.052814759770477615
0.04481246840799827
0.03637943938681849
0.02759538190395739
0.018546077426470315
0.009317820182988275
0.018546077426470315
0.036913889865174104
0.05492551684917166
0.07240919940429943
0.08919419907911186
0.1051218637493641
0.12003519834917488
0.13379475421723938
0.14626331269666842
0.15732598754378166
0.16687060994860622
0.17481127127890936
0.18106516307097606
0.18557865560388762
0.18830148313500378
0.1892143560715747
0.18830148313500372
0.18557865560388762
0.18106516307097603
0.17481127127890933
0.16687060994860617
0.15732598754378166
0.14626331269666842
0.13379475421723938
0.12003519834917488
0.10512186374936408
0.08919419907911184
0.07240919940429943
0.05492551684917164
0.036913889865174104
0.01854607742647032
0.02759538190395739
0.05492551684917166
0.08172567053483763
0.10774027647780539
0.1327152868301721
0.15641463730027624
0.17860472939524766
0.19907807218723203
0.2176304931091666
0.23409104856505294
0.24829283875040029
0.2601080369573728
0.26941342971212007
0.2761292191657361
0.2801806132436208
0.2815389099942498
0.28018061324362087
0.2761292191657361
0.2694134297121201
0.2601080369573728
0.2482928387504003
0.234091048565053
0.2176304931091666
0.19907807218723206
0.1786047293952476
0.1564146373002762
0.13271528683017206
0.10774027647780542
0.08172567053483763
0.05492551684917167
0.027595381903957404
0.03637943938681849
0.07240919940429943
0.10774027647780539
0.14203575325578746
0.1749607142700523
0.20620395231069394
0.23545751055182046
0.2624478504449783
0.2869058077130924
0.3086060249253332
0.3273284751921622
0.3429046427778657
0.3551720930778608
0.36402562752557316
0.36936664615317444
0.37115731094040855
0.36936664615317444
0.36402562752557316
0.35517209307786085
0.3429046427778657
0.3273284751921622
0.3086060249253332
0.2869058077130924
0.2624478504449783
0.23545751055182043
0.2062039523106939
0.1749607142700523
0.14203575325578746
0.10774027647780542
0.07240919940429945
0.03637943938681851
0.044812468407998275
0.08919419907911186
0.1327152868301721
0.1749607142700523
0.21551793015124443
0.25400358690138364
0.29003834112472315
0.32328524570178685
0.3534127423203662
0.38014323386572363
0.40320568989848393
0.42239253107656405
0.43750366950578395
0.44840952034505926
0.4549886277885793
0.4571943822364026
0.4549886277885793
0.44840952034505926
0.43750366950578395
0.42239253107656405
0.4032056898984838
0.38014323386572363
0.353412742320366
0.32328524570178685
0.29003834112472304
0.25400358690138364
0.2155179301512444
0.1749607142700523
0.1327152868301721
0.08919419907911184
0.04481246840799828
0.05281475977047763
0.1051218637493641
0.15641463730027624
0.20620395231069394
0.25400358690138364
0.2993617381281628
0.34183132187294785
0.38101522172608254
0.41652267191399467
0.4480265044708566
0.4752072898369116
0.49782038080368535
0.5156299586443458
0.5284832985994817
0.5362372559527662
0.5388368984124448
0.5362372559527663
0.5284832985994817
0.5156299586443457
0.49782038080368535
0.47520728983691146
0.4480265044708566
0.41652267191399467
0.3810152217260825
0.34183132187294785
0.29936173812816275
0.25400358690138364
0.2062039523106939
0.1564146373002762
0.10512186374936408
0.05281475977047762
0.06030743688480071
0.12003519834917488
0.1786047293952476
0.23545751055182043
0.29003834112472315
0.34183132187294785
0.39032594239882096
0.4350687484321828
0.47561353798536204
0.5115867283031116
0.5426235734069188
0.5684447180151405
0.588780888746851
0.6034576939467039
0.6123116823231891
0.6152801282041391
0.6123116823231893
0.6034576939467039
0.5887808887468509
0.5684447180151405
0.5426235734069189
0.5115867283031119
0.47561353798536216
0.4350687484321827
0.3903259423988209
0.34183132187294774
0.29003834112472315
0.2354575105518204
0.1786047293952476
0.12003519834917488
0.06030743688480071
0.06722043867402931
0.13379475421723938
0.199078072187232
0.2624478504449783
0.32328524570178685
0.38101522172608254
0.4350687484321828
0.4849403928844133
0.5301328050132923
0.570229578777485
0.6048241568717589
0.6336051620694784
0.6562724538017272
0.6726316507764666
0.6825005652217082
0.6858092820046913
0.6825005652217082
0.6726316507764666
0.6562724538017269
0.6336051620694784
0.6048241568717592
0.5702295787774851
0.5301328050132923
0.48494039288441326
0.4350687484321827
0.3810152217260825
0.32328524570178696
0.2624478504449783
0.19907807218723197
0.13379475421723938
0.06722043867402931
0.07348482456238721
0.14626331269666845
0.2176304931091666
0.2869058077130924
0.35341274232036607
0.41652267191399467
0.47561353798536204
0.5301328050132923
0.5795367743248325
0.6233702337242883
0.6611887385649718
0.692651893418055
0.7174315877906793
0.7353153252225542
0.7461039402243733
0.7497210016024064
0.7461039402243732
0.7353153252225539
0.7174315877906794
0.6926518934180551
0.6611887385649718
0.6233702337242883
0.5795367743248324
0.5301328050132922
0.47561353798536204
0.41652267191399467
0.35341274232036607
0.2869058077130924
0.2176304931091666
0.14626331269666845
0.07348482456238724
0.07904287397976248
0.1573259875437817
0.23409104856505303
0.3086060249253332
0.3801432338657236
0.4480265044708566
0.5115867283031116
0.570229578777485
0.6233702337242883
0.6705190512961285
0.7111979707245376
0.7450408514543656
0.7716947658383564
0.7909311458363444
0.8025357612231394
0.8064264004362346
0.8025357612231394
0.7909311458363443
0.7716947658383564
0.7450408514543657
0.7111979707245376
0.6705190512961285
0.6233702337242885
0.570229578777485
0.5115867283031119
0.4480265044708566
0.3801432338657236
0.3086060249253332
0.23409104856505306
0.1573259875437817
0.07904287397976249
0.08383823173136738
0.16687060994860622
0.2482928387504003
0.3273284751921623
0.40320568989848393
0.4752072898369115
0.5426235734069188
0.6048241568717589
0.6611887385649718
0.7111979707245376
0.7543447905018197
0.7902408439778771
0.8185117929367516
0.838915201931167
0.8512238443221501
0.8553505200363214
0.8512238443221503
0.8389152019311668
0.8185117929367515
0.7902408439778769
0.7543447905018197
0.7111979707245376
0.6611887385649718
0.6048241568717592
0.5426235734069189
0.4752072898369116
0.40320568989848393
0.3273284751921622
0.2482928387504003
0.1668706099486062
0.08383823173136737
0.0878277359726234
0.17481127127890936
0.2601080369573728
0.34290464277786575
0.4223925310765641
0.49782038080368535
0.5684447180151404
0.6336051620694784
0.692651893418055
0.7450408514543656
0.7902408439778771
0.827845037627593
0.8574612803993904
0.8788356010945313
0.891729959461422
0.8960530064293873
0.891729959461422
0.8788356010945312
0.8574612803993904
0.8278450376275929
0.7902408439778769
0.7450408514543657
0.6926518934180549
0.6336051620694783
0.5684447180151403
0.49782038080368535
0.42239253107656405
0.3429046427778657
0.2601080369573728
0.17481127127890936
0.08782773597262339
0.09096978257226546
0.18106516307097606
0.2694134297121201
0.35517209307786085
0.43750366950578395
0.5156299586443458
0.588780888746851
0.6562724538017272
0.7174315877906795
0.7716947658383564
0.8185117929367516
0.8574612803993904
0.8881370475368853
0.9102760367588648
0.9236316926271182
0.9281093970116492
0.9236316926271182
0.9102760367588647
0.8881370475368853
0.8574612803993905
0.8185117929367516
0.7716947658383565
0.7174315877906794
0.6562724538017269
0.5887808887468509
0.5156299586443457
0.4375036695057839
0.35517209307786085
0.2694134297121201
0.1810651630709761
0.09096978257226543
0.09323742710679328
0.18557865560388762
0.2761292191657361
0.36402562752557316
0.44840952034505915
0.5284832985994817
0.6034576939467037
0.6726316507764666
0.7353153252225539
0.7909311458363444
0.838915201931167
0.8788356010945313
0.9102760367588648
0.9329668948974685
0.9466554733171221
0.9512447957971721
0.9466554733171221
0.9329668948974685
0.9102760367588648
0.8788356010945313
0.838915201931167
0.7909311458363443
0.735315325222554
0.6726316507764666
0.6034576939467037
0.5284832985994816
0.4484095203450592
0.3640256275255732
0.2761292191657362
0.18557865560388764
0.09323742710679328
0.0946054154295556
0.18830148313500378
0.28018061324362087
0.3693666461531745
0.4549886277885793
0.5362372559527663
0.6123116823231893
0.6825005652217082
0.7461039402243733
0.8025357612231394
0.8512238443221503
0.8917299594614222
0.9236316926271182
0.9466554733171221
0.960544892393285
0.9652015498013354
0.9605448923932849
0.9466554733171221
0.9236316926271182
0.891729959461422
0.8512238443221503
0.8025357612231391
0.7461039402243731
0.682500565221708
0.6123116823231889
0.5362372559527662
0.4549886277885793
0.3693666461531745
0.28018061324362087
0.18830148313500378
0.09460541542955561
0.09506405610097944
0.1892143560715747
0.2815389099942498
0.37115731094040855
0.45719438223640263
0.5388368984124448
0.6152801282041394
0.6858092820046913
0.7497210016024064
0.8064264004362346
0.8553505200363214
0.8960530064293873
0.9281093970116492
0.9512447957971721
0.9652015498013354
0.9698807826400724
0.9652015498013354
0.9512447957971721
0.9281093970116493
0.8960530064293873
0.8553505200363213
0.8064264004362345
0.7497210016024064
0.6858092820046913
0.6152801282041391
0.5388368984124448
0.4571943822364027
0.37115731094040855
0.2815389099942498
0.18921435607157472
0.09506405610097945
0.09460541542955561
0.18830148313500378
0.28018061324362087
0.36936664615317444
0.4549886277885793
0.5362372559527662
0.6123116823231891
0.682500565221708
0.7461039402243732
0.8025357612231394
0.8512238443221503
0.891729959461422
0.9236316926271181
0.946655473317122
0.9605448923932849
0.9652015498013354
0.960544892393285
0.946655473317122
0.9236316926271182
0.8917299594614219
0.8512238443221503
0.8025357612231393
0.7461039402243732
0.6825005652217082
0.6123116823231893
0.5362372559527663
0.4549886277885793
0.3693666461531744
0.28018061324362087
0.18830148313500383
0.09460541542955563
0.09323742710679328
0.18557865560388762
0.27612921916573613
0.36402562752557316
0.44840952034505926
0.5284832985994817
0.6034576939467039
0.6726316507764666
0.7353153252225539
0.7909311458363443
0.8389152019311668
0.8788356010945312
0.9102760367588648
0.9329668948974685
0.9466554733171219
0.951244795797172
0.9466554733171219
0.9329668948974685
0.9102760367588649
0.8788356010945313
0.838915201931167
0.7909311458363443
0.735315325222554
0.6726316507764666
0.6034576939467039
0.5284832985994817
0.44840952034505926
0.36402562752557316
0.2761292191657361
0.18557865560388764
0.0932374271067933
0.0909697825722654
0.18106516307097606
0.26941342971212007
0.35517209307786085
0.437503669505784
0.5156299586443458
0.5887808887468508
0.6562724538017269
0.7174315877906794
0.7716947658383564
0.8185117929367515
0.8574612803993904
0.8881370475368853
0.9102760367588649
0.9236316926271182
0.9281093970116492
0.9236316926271182
0.9102760367588649
0.8881370475368855
0.8574612803993905
0.8185117929367515
0.7716947658383564
0.7174315877906794
0.6562724538017269
0.5887808887468509
0.5156299586443458
0.43750366950578395
0.35517209307786085
0.2694134297121201
0.1810651630709761
0.09096978257226543
0.08782773597262337
0.17481127127890933
0.2601080369573728
0.3429046427778657
0.4223925310765641
0.49782038080368535
0.5684447180151405
0.6336051620694784
0.6926518934180551
0.7450408514543657
0.7902408439778771
0.827845037627593
0.8574612803993904
0.8788356010945313
0.8917299594614219
0.8960530064293873
0.8917299594614219
0.8788356010945313
0.8574612803993905
0.827845037627593
0.7902408439778771
0.7450408514543657
0.692651893418055
0.6336051620694784
0.5684447180151403
0.49782038080368535
0.42239253107656405
0.3429046427778657
0.26010803695737283
0.17481127127890936
0.08782773597262339
0.08383823173136738
0.16687060994860617
0.24829283875040034
0.3273284751921622
0.40320568989848393
0.47520728983691163
0.542623573406919
0.6048241568717592
0.6611887385649718
0.7111979707245376
0.7543447905018197
0.7902408439778769
0.8185117929367516
0.838915201931167
0.8512238443221503
0.8553505200363213
0.8512238443221503
0.838915201931167
0.8185117929367515
0.7902408439778771
0.7543447905018199
0.7111979707245378
0.6611887385649718
0.6048241568717589
0.5426235734069188
0.4752072898369116
0.403205689898484
0.3273284751921622
0.24829283875040037
0.16687060994860625
0.08383823173136738
0.07904287397976248
0.15732598754378166
0.23409104856505303
0.3086060249253332
0.3801432338657236
0.4480265044708566
0.5115867283031119
0.5702295787774851
0.6233702337242883
0.6705190512961285
0.7111979707245378
0.7450408514543657
0.7716947658383564
0.7909311458363443
0.8025357612231391
0.8064264004362345
0.8025357612231393
0.7909311458363443
0.7716947658383564
0.7450408514543657
0.7111979707245378
0.6705190512961287
0.6233702337242886
0.570229578777485
0.5115867283031116
0.4480265044708566
0.3801432338657237
0.3086060249253332
0.23409104856505306
0.15732598754378171
0.07904287397976249
0.07348482456238721
0.14626331269666842
0.2176304931091666
0.28690580771309226
0.35341274232036596
0.41652267191399456
0.4756135379853621
0.5301328050132923
0.5795367743248324
0.6233702337242883
0.6611887385649718
0.6926518934180551
0.7174315877906794
0.735315325222554
0.7461039402243732
0.7497210016024064
0.7461039402243732
0.735315325222554
0.7174315877906794
0.692651893418055
0.6611887385649718
0.6233702337242886
0.5795367743248326
0.5301328050132924
0.47561353798536204
0.41652267191399456
0.35341274232036607
0.2869058077130924
0.2176304931091666
0.14626331269666845
0.07348482456238721
0.0672204386740293
0.13379475421723938
0.19907807218723203
0.2624478504449783
0.32328524570178685
0.3810152217260825
0.4350687484321827
0.48494039288441326
0.5301328050132923
0.5702295787774851
0.6048241568717593
0.6336051620694784
0.656272453801727
0.6726316507764666
0.6825005652217081
0.6858092820046913
0.6825005652217081
0.6726316507764666
0.6562724538017269
0.6336051620694784
0.6048241568717589
0.570229578777485
0.5301328050132924
0.48494039288441326
0.4350687484321827
0.3810152217260825
0.32328524570178685
0.2624478504449783
0.19907807218723203
0.13379475421723938
0.0672204386740293
0.0603074368848007
0.12003519834917485
0.1786047293952476
0.2354575105518204
0.29003834112472315
0.34183132187294785
0.39032594239882096
0.4350687484321827
0.47561353798536216
0.5115867283031119
0.5426235734069189
0.5684447180151404
0.5887808887468508
0.6034576939467039
0.6123116823231891
0.615280128204139
0.6123116823231891
0.6034576939467039
0.5887808887468509
0.5684447180151403
0.5426235734069188
0.5115867283031116
0.47561353798536204
0.4350687484321827
0.39032594239882096
0.34183132187294785
0.29003834112472304
0.2354575105518204
0.1786047293952476
0.12003519834917488
0.06030743688480071
0.05281475977047762
0.10512186374936408
0.1564146373002762
0.2062039523106939
0.25400358690138364
0.2993617381281628
0.34183132187294796
0.3810152217260825
0.41652267191399467
0.4480265044708566
0.4752072898369115
0.49782038080368535
0.5156299586443458
0.5284832985994817
0.5362372559527662
0.5388368984124448
0.5362372559527662
0.5284832985994817
0.5156299586443458
0.49782038080368535
0.4752072898369116
0.4480265044708566
0.41652267191399456
0.3810152217260825
0.34183132187294796
0.2993617381281628
0.2540035869013835
0.2062039523106939
0.15641463730027622
0.10512186374936408
0.05281475977047762
0.04481246840799828
0.08919419907911187
0.1327152868301721
0.17496071427005233
0.21551793015124446
0.25400358690138364
0.29003834112472315
0.32328524570178696
0.35341274232036607
0.3801432338657236
0.40320568989848393
0.422392531076564
0.437503669505784
0.4484095203450594
0.4549886277885793
0.4571943822364025
0.4549886277885793
0.4484095203450594
0.437503669505784
0.42239253107656405
0.403205689898484
0.3801432338657237
0.35341274232036607
0.32328524570178685
0.29003834112472315
0.25400358690138364
0.21551793015124446
0.17496071427005233
0.1327152868301721
0.08919419907911184
0.04481246840799828
0.0363794393868185
0.07240919940429943
0.10774027647780539
0.14203575325578746
0.17496071427005233
0.2062039523106939
0.2354575105518204
0.2624478504449783
0.2869058077130924
0.3086060249253332
0.3273284751921623
0.3429046427778657
0.35517209307786085
0.3640256275255732
0.3693666461531745
0.37115731094040855
0.3693666461531744
0.36402562752557316
0.35517209307786085
0.3429046427778657
0.3273284751921622
0.3086060249253332
0.2869058077130924
0.2624478504449783
0.2354575105518204
0.2062039523106939
0.17496071427005233
0.1420357532557875
0.10774027647780542
0.07240919940429945
0.03637943938681851
0.027595381903957397
0.05492551684917164
0.08172567053483765
0.10774027647780542
0.13271528683017209
0.15641463730027622
0.17860472939524763
0.199078072187232
0.2176304931091666
0.23409104856505303
0.24829283875040034
0.2601080369573728
0.2694134297121201
0.2761292191657362
0.280180613243621
0.2815389099942498
0.28018061324362087
0.2761292191657362
0.2694134297121201
0.2601080369573728
0.24829283875040037
0.23409104856505303
0.2176304931091666
0.19907807218723203
0.1786047293952476
0.1564146373002762
0.1327152868301721
0.10774027647780542
0.08172567053483766
0.05492551684917165
0.0275953819039574
0.018546077426470315
0.036913889865174104
0.05492551684917164
0.07240919940429943
0.08919419907911184
0.10512186374936408
0.12003519834917485
0.13379475421723938
0.14626331269666842
0.1573259875437817
0.16687060994860622
0.17481127127890936
0.1810651630709761
0.18557865560388764
0.18830148313500378
0.18921435607157472
0.18830148313500383
0.18557865560388764
0.1810651630709761
0.17481127127890936
0.1668706099486062
0.1573259875437817
0.14626331269666842
0.13379475421723938
0.12003519834917485
0.10512186374936408
0.08919419907911184
0.07240919940429945
0.05492551684917165
0.036913889865174104
0.018546077426470315
0.009317820182988277
0.018546077426470315
0.027595381903957397
0.0363794393868185
0.044812468407998275
0.05281475977047762
0.06030743688480071
0.06722043867402931
0.07348482456238724
0.07904287397976248
0.08383823173136735
0.08782773597262339
0.09096978257226543
0.09323742710679328
0.0946054154295556
0.09506405610097945
0.09460541542955563
0.0932374271067933
0.09096978257226543
0.08782773597262339
0.0838382317313674
0.07904287397976249
0.07348482456238724
0.06722043867402931
0.06030743688480071
0.05281475977047762
0.04481246840799828
0.03637943938681851
0.0275953819039574
0.018546077426470315
0.009317820182988273
