FiniteElementSpace
FiniteElementCollection: Local_L2_2D_P0
VDim: 1
Ordering: 0

0.00000000000000e+00
0.00000000000000e+00
0.00000000000000e+00
0.00000000000000e+00
0.00000000000000e+00
0.00000000000000e+00
0.00000000000000e+00
0.00000000000000e+00
0.00000000000000e+00
0.00000000000000e+00
0.00000000000000e+00
0.00000000000000e+00
0.00000000000000e+00
0.00000000000000e+00
0.00000000000000e+00
0.00000000000000e+00
0.00000000000000e+00
0.00000000000000e+00
0.00000000000000e+00
0.00000000000000e+00
0.00000000000000e+00
0.00000000000000e+00
0.00000000000000e+00
0.00000000000000e+00
0.00000000000000e+00
0.00000000000000e+00
0.00000000000000e+00
0.00000000000000e+00
0.00000000000000e+00
0.00000000000000e+00
0.00000000000000e+00
0.00000000000000e+00
0.00000000000000e+00
0.00000000000000e+00
9.56202297626476e-03
1.90319584441346e-02
2.83186057482607e-02
3.73325293985064e-02
4.59869203826080e-02
5.41984321844173e-02
6.18879834564138e-02
6.89815196163119e-02
7.54107260331706e-02
8.11136859346336e-02
8.60354766992950e-02
9.01286987915665e-02
9.33539322451167e-02
9.56801162986960e-02
9.70848485282469e-02
9.75546005944941e-02
9.70848485282469e-02
9.56801162986960e-02
9.33539322451167e-02
9.01286987915665e-02
8.60354766992950e-02
8.11136859346336e-02
7.54107260331706e-02
6.89815196163120e-02
6.18879834564138e-02
5.41984321844173e-02
4.59869203826080e-02
3.73325293985064e-02
2.83186057482607e-02
1.90319584441346e-02
9.56202297626478e-03
0.00000000000000e+00
0.00000000000000e+00
1.90319584441346e-02
3.78806287245255e-02
5.63644878426410e-02
7.43055261308687e-02
9.15309615829237e-02
1.07874903839022e-01
1.23179951800729e-01
1.37298709489584e-01
1.50095205550946e-01
1.61446202732466e-01
1.71242384726200e-01
1.79389408944412e-01
1.85808815090262e-01
1.90438780773364e-01
1.93234716893190e-01
1.94169697056494e-01
1.93234716893190e-01
1.90438780773364e-01
1.85808815090262e-01
1.79389408944412e-01
1.71242384726200e-01
1.61446202732466e-01
1.50095205550946e-01
1.37298709489584e-01
1.23179951800729e-01
1.07874903839022e-01
9.15309615829237e-02
7.43055261308687e-02
5.63644878426411e-02
3.78806287245255e-02
1.90319584441347e-02
0.00000000000000e+00
0.00000000000000e+00
2.83186057482607e-02
5.63644878426410e-02
8.38675491071335e-02
1.10562920027058e-01
1.36193509587283e-01
1.60512481199236e-01
1.83285629872192e-01
2.04293637735363e-01
2.23334186188879e-01
2.40223904342512e-01
2.54800134977582e-01
2.66922501024896e-01
2.76474257472659e-01
2.83363415684757e-01
2.87523629301610e-01
2.88914833191886e-01
2.87523629301610e-01
2.83363415684757e-01
2.76474257472659e-01
2.66922501024896e-01
2.54800134977582e-01
2.40223904342512e-01
2.23334186188879e-01
2.04293637735363e-01
1.83285629872192e-01
1.60512481199236e-01
1.36193509587283e-01
1.10562920027058e-01
8.38675491071335e-02
5.63644878426411e-02
2.83186057482607e-02
0.00000000000000e+00
0.00000000000000e+00
3.73325293985064e-02
7.43055261308687e-02
1.10562920027058e-01
1.45755532563547e-01
1.79544439643370e-01
2.11604235620453e-01
2.41626167133869e-01
2.69321106571487e-01
2.94422336526929e-01
3.16688118433996e-01
3.35904020641208e-01
3.51884983505829e-01
3.64477101619390e-01
3.73559106000905e-01
3.79043531983453e-01
3.80877561546727e-01
3.79043531983453e-01
3.73559106000905e-01
3.64477101619390e-01
3.51884983505829e-01
3.35904020641208e-01
3.16688118433996e-01
2.94422336526929e-01
2.69321106571487e-01
2.41626167133869e-01
2.11604235620453e-01
1.79544439643370e-01
1.45755532563547e-01
1.10562920027058e-01
7.43055261308688e-02
3.73325293985065e-02
0.00000000000000e+00
0.00000000000000e+00
4.59869203826080e-02
9.15309615829237e-02
1.36193509587283e-01
1.79544439643370e-01
2.21166258596718e-01
2.60658125578004e-01
2.97639712319748e-01
3.31754865925436e-01
3.62675038816604e-01
3.90102452825625e-01
4.13772966962243e-01
4.33458621235702e-01
4.48969832034076e-01
4.60157217918086e-01
4.66913038246022e-01
4.69172230775019e-01
4.66913038246022e-01
4.60157217918086e-01
4.48969832034076e-01
4.33458621235702e-01
4.13772966962243e-01
3.90102452825625e-01
3.62675038816604e-01
3.31754865925436e-01
2.97639712319748e-01
2.60658125578004e-01
2.21166258596718e-01
1.79544439643370e-01
1.36193509587283e-01
9.15309615829238e-02
4.59869203826081e-02
0.00000000000000e+00
0.00000000000000e+00
5.41984321844173e-02
1.07874903839022e-01
1.60512481199236e-01
2.11604235620453e-01
2.60658125578004e-01
3.07201735296013e-01
3.50786824369570e-01
3.90993644564865e-01
4.27434982224132e-01
4.59759887344851e-01
4.87657053420119e-01
5.10857815490490e-01
5.29138737534398e-01
5.42323764279193e-01
5.50285916709653e-01
5.52948514945317e-01
5.50285916709653e-01
5.42323764279193e-01
5.29138737534398e-01
5.10857815490490e-01
4.87657053420119e-01
4.59759887344851e-01
4.27434982224132e-01
3.90993644564865e-01
3.50786824369570e-01
3.07201735296013e-01
2.60658125578004e-01
2.11604235620453e-01
1.60512481199236e-01
1.07874903839022e-01
5.41984321844174e-02
0.00000000000000e+00
0.00000000000000e+00
6.18879834564138e-02
1.23179951800729e-01
1.83285629872192e-01
2.41626167133869e-01
2.97639712319748e-01
3.50786824369570e-01
4.00555667541130e-01
4.46466940668266e-01
4.88078493093112e-01
5.24989582818626e-01
5.56844735873098e-01
5.83337169718815e-01
6.04211747735607e-01
6.19267436325965e-01
6.28359240978488e-01
6.31399602644286e-01
6.28359240978488e-01
6.19267436325965e-01
6.04211747735607e-01
5.83337169718815e-01
5.56844735873098e-01
5.24989582818626e-01
4.88078493093112e-01
4.46466940668266e-01
4.00555667541130e-01
3.50786824369570e-01
2.97639712319748e-01
2.41626167133869e-01
1.83285629872192e-01
1.23179951800729e-01
6.18879834564139e-02
0.00000000000000e+00
0.00000000000000e+00
6.89815196163120e-02
1.37298709489584e-01
2.04293637735363e-01
2.69321106571487e-01
3.31754865925436e-01
3.90993644564865e-01
4.46466940668266e-01
4.97640516069376e-01
5.44021541262760e-01
5.85163341621359e-01
6.20669699117322e-01
6.50198668118215e-01
6.73465868510382e-01
6.90247224434902e-01
7.00381122260598e-01
7.03769967011658e-01
7.00381122260598e-01
6.90247224434902e-01
6.73465868510382e-01
6.50198668118215e-01
6.20669699117322e-01
5.85163341621359e-01
5.44021541262761e-01
4.97640516069376e-01
4.46466940668266e-01
3.90993644564865e-01
3.31754865925436e-01
2.69321106571488e-01
2.04293637735363e-01
1.37298709489585e-01
6.89815196163121e-02
0.00000000000000e+00
0.00000000000000e+00
7.54107260331706e-02
1.50095205550946e-01
2.23334186188879e-01
2.94422336526929e-01
3.62675038816604e-01
4.27434982224132e-01
4.88078493093112e-01
5.44021541262760e-01
5.94725364597623e-01
6.39701657561456e-01
6.78517273866475e-01
7.10798397908888e-01
7.36234144817510e-01
7.54579554445016e-01
7.65657950468072e-01
7.69362641876910e-01
7.65657950468072e-01
7.54579554445016e-01
7.36234144817510e-01
7.10798397908888e-01
6.78517273866475e-01
6.39701657561457e-01
5.94725364597624e-01
5.44021541262761e-01
4.88078493093112e-01
4.27434982224132e-01
3.62675038816604e-01
2.94422336526929e-01
2.23334186188879e-01
1.50095205550946e-01
7.54107260331707e-02
0.00000000000000e+00
0.00000000000000e+00
8.11136859346336e-02
1.61446202732466e-01
2.40223904342512e-01
3.16688118433996e-01
3.90102452825625e-01
4.59759887344851e-01
5.24989582818626e-01
5.85163341621359e-01
6.39701657561456e-01
6.88079296842740e-01
7.29830356353023e-01
7.64552750565770e-01
7.91912083843522e-01
8.11644870850680e-01
8.23561074061327e-01
8.27545933924486e-01
8.23561074061328e-01
8.11644870850680e-01
7.91912083843522e-01
7.64552750565770e-01
7.29830356353023e-01
6.88079296842740e-01
6.39701657561457e-01
5.85163341621359e-01
5.24989582818626e-01
4.59759887344851e-01
3.90102452825625e-01
3.16688118433996e-01
2.40223904342512e-01
1.61446202732466e-01
8.11136859346338e-02
0.00000000000000e+00
0.00000000000000e+00
8.60354766992950e-02
1.71242384726200e-01
2.54800134977582e-01
3.35904020641208e-01
4.13772966962243e-01
4.87657053420119e-01
5.56844735873098e-01
6.20669699117322e-01
6.78517273866475e-01
7.29830356353023e-01
7.74114773542035e-01
8.10944042287657e-01
8.39963476598941e-01
8.60893603459834e-01
8.73532854307094e-01
8.77759506245745e-01
8.73532854307094e-01
8.60893603459834e-01
8.39963476598941e-01
8.10944042287657e-01
7.74114773542035e-01
7.29830356353023e-01
6.78517273866475e-01
6.20669699117322e-01
5.56844735873098e-01
4.87657053420119e-01
4.13772966962243e-01
3.35904020641208e-01
2.54800134977582e-01
1.71242384726200e-01
8.60354766992952e-02
0.00000000000000e+00
0.00000000000000e+00
9.01286987915665e-02
1.79389408944412e-01
2.66922501024896e-01
3.51884983505829e-01
4.33458621235702e-01
5.10857815490490e-01
5.83337169718815e-01
6.50198668118215e-01
7.10798397908888e-01
7.64552750565770e-01
8.10944042287657e-01
8.49525499575206e-01
8.79925561903969e-01
9.01851460055355e-01
9.15092035644251e-01
9.19519774689702e-01
9.15092035644251e-01
9.01851460055355e-01
8.79925561903969e-01
8.49525499575206e-01
8.10944042287657e-01
7.64552750565770e-01
7.10798397908888e-01
6.50198668118215e-01
5.83337169718815e-01
5.10857815490490e-01
4.33458621235702e-01
3.51884983505829e-01
2.66922501024896e-01
1.79389408944412e-01
9.01286987915667e-02
0.00000000000000e+00
0.00000000000000e+00
9.33539322451167e-02
1.85808815090262e-01
2.76474257472659e-01
3.64477101619390e-01
4.48969832034076e-01
5.29138737534398e-01
6.04211747735607e-01
6.73465868510382e-01
7.36234144817510e-01
7.91912083843522e-01
8.39963476598941e-01
8.79925561903969e-01
9.11413483031620e-01
9.34123994088386e-01
9.47838380437963e-01
9.52424565042758e-01
9.47838380437963e-01
9.34123994088386e-01
9.11413483031620e-01
8.79925561903969e-01
8.39963476598941e-01
7.91912083843522e-01
7.36234144817510e-01
6.73465868510382e-01
6.04211747735607e-01
5.29138737534398e-01
4.48969832034076e-01
3.64477101619390e-01
2.76474257472659e-01
1.85808815090263e-01
9.33539322451169e-02
0.00000000000000e+00
0.00000000000000e+00
9.56801162986960e-02
1.90438780773364e-01
2.83363415684756e-01
3.73559106000906e-01
4.60157217918086e-01
5.42323764279193e-01
6.19267436325965e-01
6.90247224434901e-01
7.54579554445015e-01
8.11644870850680e-01
8.60893603459834e-01
9.01851460055355e-01
9.34123994088386e-01
9.57400403414227e-01
9.71456523486892e-01
9.76156986186223e-01
9.71456523486892e-01
9.57400403414227e-01
9.34123994088386e-01
9.01851460055355e-01
8.60893603459834e-01
8.11644870850680e-01
7.54579554445016e-01
6.90247224434902e-01
6.19267436325965e-01
5.42323764279193e-01
4.60157217918086e-01
3.73559106000906e-01
2.83363415684757e-01
1.90438780773364e-01
9.56801162986962e-02
0.00000000000000e+00
0.00000000000000e+00
9.70848485282469e-02
1.93234716893190e-01
2.87523629301610e-01
3.79043531983453e-01
4.66913038246022e-01
5.50285916709653e-01
6.28359240978488e-01
7.00381122260598e-01
7.65657950468072e-01
8.23561074061327e-01
8.73532854307094e-01
9.15092035644251e-01
9.47838380437963e-01
9.71456523486892e-01
9.85719009162488e-01
9.90488481931027e-01
9.85719009162488e-01
9.71456523486892e-01
9.47838380437963e-01
9.15092035644251e-01
8.73532854307094e-01
8.23561074061328e-01
7.65657950468072e-01
7.00381122260598e-01
6.28359240978488e-01
5.50285916709653e-01
4.66913038246022e-01
3.79043531983453e-01
2.87523629301611e-01
1.93234716893190e-01
9.70848485282471e-02
0.00000000000000e+00
0.00000000000000e+00
9.75546005944941e-02
1.94169697056494e-01
2.88914833191886e-01
3.80877561546727e-01
4.69172230775019e-01
5.52948514945317e-01
6.31399602644286e-01
7.03769967011658e-01
7.69362641876910e-01
8.27545933924486e-01
8.77759506245745e-01
9.19519774689702e-01
9.52424565042758e-01
9.76156986186223e-01
9.90488481931027e-01
9.95281032138753e-01
9.90488481931027e-01
9.76156986186223e-01
9.52424565042758e-01
9.19519774689702e-01
8.77759506245745e-01
8.27545933924486e-01
7.69362641876910e-01
7.03769967011658e-01
6.31399602644286e-01
5.52948514945317e-01
4.69172230775019e-01
3.80877561546727e-01
2.88914833191886e-01
1.94169697056494e-01
9.75546005944943e-02
0.00000000000000e+00
0.00000000000000e+00
9.70848485282469e-02
1.93234716893190e-01
2.87523629301610e-01
3.79043531983453e-01
4.66913038246022e-01
5.50285916709653e-01
6.28359240978488e-01
7.00381122260598e-01
7.65657950468072e-01
8.23561074061327e-01
8.73532854307094e-01
9.15092035644251e-01
9.47838380437963e-01
9.71456523486892e-01
9.85719009162488e-01
9.90488481931027e-01
9.85719009162488e-01
9.71456523486892e-01
9.47838380437963e-01
9.15092035644251e-01
8.73532854307094e-01
8.23561074061328e-01
7.65657950468072e-01
7.00381122260598e-01
6.28359240978488e-01
5.50285916709653e-01
4.66913038246022e-01
3.79043531983453e-01
2.87523629301611e-01
1.93234716893190e-01
9.70848485282471e-02
0.00000000000000e+00
0.00000000000000e+00
9.56801162986960e-02
1.90438780773364e-01
2.83363415684757e-01
3.73559106000906e-01
4.60157217918086e-01
5.42323764279193e-01
6.19267436325965e-01
6.90247224434902e-01
7.54579554445015e-01
8.11644870850680e-01
8.60893603459834e-01
9.01851460055355e-01
9.34123994088386e-01
9.57400403414227e-01
9.71456523486892e-01
9.76156986186223e-01
9.71456523486892e-01
9.57400403414228e-01
9.34123994088386e-01
9.01851460055355e-01
8.60893603459834e-01
8.11644870850680e-01
7.54579554445016e-01
6.90247224434902e-01
6.19267436325965e-01
5.42323764279193e-01
4.60157217918086e-01
3.73559106000906e-01
2.83363415684757e-01
1.90438780773364e-01
9.56801162986962e-02
0.00000000000000e+00
0.00000000000000e+00
9.33539322451167e-02
1.85808815090262e-01
2.76474257472659e-01
3.64477101619390e-01
4.48969832034076e-01
5.29138737534398e-01
6.04211747735607e-01
6.73465868510382e-01
7.36234144817510e-01
7.91912083843522e-01
8.39963476598941e-01
8.79925561903969e-01
9.11413483031620e-01
9.34123994088386e-01
9.47838380437963e-01
9.52424565042758e-01
9.47838380437963e-01
9.34123994088386e-01
9.11413483031620e-01
8.79925561903969e-01
8.39963476598941e-01
7.91912083843522e-01
7.36234144817510e-01
6.73465868510382e-01
6.04211747735607e-01
5.29138737534398e-01
4.48969832034076e-01
3.64477101619390e-01
2.76474257472659e-01
1.85808815090263e-01
9.33539322451169e-02
0.00000000000000e+00
0.00000000000000e+00
9.01286987915665e-02
1.79389408944412e-01
2.66922501024896e-01
3.51884983505829e-01
4.33458621235702e-01
5.10857815490490e-01
5.83337169718815e-01
6.50198668118215e-01
7.10798397908888e-01
7.64552750565770e-01
8.10944042287656e-01
8.49525499575206e-01
8.79925561903969e-01
9.01851460055355e-01
9.15092035644251e-01
9.19519774689702e-01
9.15092035644251e-01
9.01851460055355e-01
8.79925561903969e-01
8.49525499575206e-01
8.10944042287657e-01
7.64552750565770e-01
7.10798397908889e-01
6.50198668118215e-01
5.83337169718815e-01
5.10857815490490e-01
4.33458621235702e-01
3.51884983505829e-01
2.66922501024896e-01
1.79389408944412e-01
9.01286987915667e-02
0.00000000000000e+00
0.00000000000000e+00
8.60354766992950e-02
1.71242384726200e-01
2.54800134977582e-01
3.35904020641208e-01
4.13772966962243e-01
4.87657053420119e-01
5.56844735873098e-01
6.20669699117322e-01
6.78517273866475e-01
7.29830356353023e-01
7.74114773542035e-01
8.10944042287657e-01
8.39963476598941e-01
8.60893603459834e-01
8.73532854307094e-01
8.77759506245745e-01
8.73532854307094e-01
8.60893603459834e-01
8.39963476598941e-01
8.10944042287657e-01
7.74114773542035e-01
7.29830356353023e-01
6.78517273866476e-01
6.20669699117322e-01
5.56844735873098e-01
4.87657053420119e-01
4.13772966962243e-01
3.35904020641208e-01
2.54800134977582e-01
1.71242384726200e-01
8.60354766992952e-02
0.00000000000000e+00
0.00000000000000e+00
8.11136859346336e-02
1.61446202732466e-01
2.40223904342512e-01
3.16688118433996e-01
3.90102452825625e-01
4.59759887344851e-01
5.24989582818626e-01
5.85163341621359e-01
6.39701657561457e-01
6.88079296842740e-01
7.29830356353023e-01
7.64552750565770e-01
7.91912083843522e-01
8.11644870850680e-01
8.23561074061328e-01
8.27545933924486e-01
8.23561074061328e-01
8.11644870850680e-01
7.91912083843522e-01
7.64552750565770e-01
7.29830356353023e-01
6.88079296842740e-01
6.39701657561457e-01
5.85163341621359e-01
5.24989582818626e-01
4.59759887344851e-01
3.90102452825626e-01
3.16688118433996e-01
2.40223904342512e-01
1.61446202732466e-01
8.11136859346338e-02
0.00000000000000e+00
0.00000000000000e+00
7.54107260331706e-02
1.50095205550946e-01
2.23334186188879e-01
2.94422336526929e-01
3.62675038816604e-01
4.27434982224132e-01
4.88078493093112e-01
5.44021541262761e-01
5.94725364597623e-01
6.39701657561457e-01
6.78517273866475e-01
7.10798397908888e-01
7.36234144817510e-01
7.54579554445016e-01
7.65657950468072e-01
7.69362641876910e-01
7.65657950468072e-01
7.54579554445016e-01
7.36234144817510e-01
7.10798397908888e-01
6.78517273866476e-01
6.39701657561457e-01
5.94725364597624e-01
5.44021541262761e-01
4.88078493093112e-01
4.27434982224132e-01
3.62675038816604e-01
2.94422336526930e-01
2.23334186188880e-01
1.50095205550946e-01
7.54107260331708e-02
0.00000000000000e+00
0.00000000000000e+00
6.89815196163120e-02
1.37298709489584e-01
2.04293637735363e-01
2.69321106571487e-01
3.31754865925436e-01
3.90993644564865e-01
4.46466940668266e-01
4.97640516069376e-01
5.44021541262760e-01
5.85163341621359e-01
6.20669699117322e-01
6.50198668118215e-01
6.73465868510382e-01
6.90247224434902e-01
7.00381122260598e-01
7.03769967011659e-01
7.00381122260598e-01
6.90247224434902e-01
6.73465868510382e-01
6.50198668118215e-01
6.20669699117322e-01
5.85163341621359e-01
5.44021541262761e-01
4.97640516069377e-01
4.46466940668266e-01
3.90993644564865e-01
3.31754865925436e-01
2.69321106571488e-01
2.04293637735363e-01
1.37298709489585e-01
6.89815196163121e-02
0.00000000000000e+00
0.00000000000000e+00
6.18879834564138e-02
1.23179951800729e-01
1.83285629872192e-01
2.41626167133869e-01
2.97639712319748e-01
3.50786824369570e-01
4.00555667541130e-01
4.46466940668266e-01
4.88078493093112e-01
5.24989582818626e-01
5.56844735873098e-01
5.83337169718815e-01
6.04211747735607e-01
6.19267436325965e-01
6.28359240978488e-01
6.31399602644286e-01
6.28359240978488e-01
6.19267436325965e-01
6.04211747735607e-01
5.83337169718815e-01
5.56844735873098e-01
5.24989582818626e-01
4.88078493093112e-01
4.46466940668266e-01
4.00555667541130e-01
3.50786824369570e-01
2.97639712319748e-01
2.41626167133869e-01
1.83285629872192e-01
1.23179951800729e-01
6.18879834564139e-02
0.00000000000000e+00
0.00000000000000e+00
5.41984321844173e-02
1.07874903839022e-01
1.60512481199236e-01
2.11604235620453e-01
2.60658125578004e-01
3.07201735296013e-01
3.50786824369570e-01
3.90993644564865e-01
4.27434982224132e-01
4.59759887344851e-01
4.87657053420119e-01
5.10857815490490e-01
5.29138737534398e-01
5.42323764279193e-01
5.50285916709653e-01
5.52948514945317e-01
5.50285916709653e-01
5.42323764279193e-01
5.29138737534398e-01
5.10857815490490e-01
4.87657053420119e-01
4.59759887344851e-01
4.27434982224132e-01
3.90993644564865e-01
3.50786824369570e-01
3.07201735296013e-01
2.60658125578004e-01
2.11604235620453e-01
1.60512481199236e-01
1.07874903839022e-01
5.41984321844174e-02
0.00000000000000e+00
0.00000000000000e+00
4.59869203826080e-02
9.15309615829237e-02
1.36193509587283e-01
1.79544439643370e-01
2.21166258596718e-01
2.60658125578004e-01
2.97639712319748e-01
3.31754865925436e-01
3.62675038816604e-01
3.90102452825625e-01
4.13772966962243e-01
4.33458621235702e-01
4.48969832034076e-01
4.60157217918086e-01
4.66913038246022e-01
4.69172230775019e-01
4.66913038246022e-01
4.60157217918086e-01
4.48969832034076e-01
4.33458621235702e-01
4.13772966962243e-01
3.90102452825626e-01
3.62675038816604e-01
3.31754865925436e-01
2.97639712319748e-01
2.60658125578004e-01
2.21166258596718e-01
1.79544439643370e-01
1.36193509587283e-01
9.15309615829238e-02
4.59869203826081e-02
0.00000000000000e+00
0.00000000000000e+00
3.73325293985064e-02
7.43055261308687e-02
1.10562920027058e-01
1.45755532563547e-01
1.79544439643370e-01
2.11604235620453e-01
2.41626167133869e-01
2.69321106571488e-01
2.94422336526929e-01
3.16688118433996e-01
3.35904020641208e-01
3.51884983505829e-01
3.64477101619390e-01
3.73559106000906e-01
3.79043531983453e-01
3.80877561546727e-01
3.79043531983453e-01
3.73559106000906e-01
3.64477101619390e-01
3.51884983505829e-01
3.35904020641208e-01
3.16688118433996e-01
2.94422336526930e-01
2.69321106571488e-01
2.41626167133869e-01
2.11604235620453e-01
1.79544439643370e-01
1.45755532563547e-01
1.10562920027058e-01
7.43055261308688e-02
3.73325293985065e-02
0.00000000000000e+00
0.00000000000000e+00
2.83186057482607e-02
5.63644878426411e-02
8.38675491071335e-02
1.10562920027058e-01
1.36193509587283e-01
1.60512481199236e-01
1.83285629872192e-01
2.04293637735363e-01
2.23334186188879e-01
2.40223904342512e-01
2.54800134977582e-01
2.66922501024896e-01
2.76474257472659e-01
2.83363415684757e-01
2.87523629301611e-01
2.88914833191886e-01
2.87523629301611e-01
2.83363415684757e-01
2.76474257472659e-01
2.66922501024896e-01
2.54800134977582e-01
2.40223904342512e-01
2.23334186188880e-01
2.04293637735363e-01
1.83285629872192e-01
1.60512481199236e-01
1.36193509587283e-01
1.10562920027058e-01
8.38675491071336e-02
5.63644878426411e-02
2.83186057482608e-02
0.00000000000000e+00
0.00000000000000e+00
1.90319584441346e-02
3.78806287245255e-02
5.63644878426411e-02
7.43055261308688e-02
9.15309615829238e-02
1.07874903839022e-01
1.23179951800729e-01
1.37298709489585e-01
1.50095205550946e-01
1.61446202732466e-01
1.71242384726200e-01
1.79389408944412e-01
1.85808815090263e-01
1.90438780773364e-01
1.93234716893190e-01
1.94169697056494e-01
1.93234716893190e-01
1.90438780773364e-01
1.85808815090263e-01
1.79389408944412e-01
1.71242384726200e-01
1.61446202732466e-01
1.50095205550946e-01
1.37298709489585e-01
1.23179951800729e-01
1.07874903839022e-01
9.15309615829238e-02
7.43055261308688e-02
5.63644878426411e-02
3.78806287245255e-02
1.90319584441347e-02
0.00000000000000e+00
0.00000000000000e+00
9.56202297626478e-03
1.90319584441347e-02
2.83186057482607e-02
3.73325293985065e-02
4.59869203826081e-02
5.41984321844174e-02
6.18879834564139e-02
6.89815196163121e-02
7.54107260331707e-02
8.11136859346338e-02
8.60354766992952e-02
9.01286987915667e-02
9.33539322451169e-02
9.56801162986962e-02
9.70848485282471e-02
9.75546005944943e-02
9.70848485282471e-02
9.56801162986962e-02
9.33539322451169e-02
9.01286987915667e-02
8.60354766992952e-02
8.11136859346338e-02
7.54107260331708e-02
6.89815196163121e-02
6.18879834564139e-02
5.41984321844174e-02
4.59869203826081e-02
3.73325293985065e-02
2.83186057482608e-02
1.90319584441347e-02
9.56202297626480e-03
0.00000000000000e+00
0.00000000000000e+00
0.00000000000000e+00
0.00000000000000e+00
0.00000000000000e+00
0.00000000000000e+00
0.00000000000000e+00
0.00000000000000e+00
0.00000000000000e+00
0.00000000000000e+00
0.00000000000000e+00
0.00000000000000e+00
0.00000000000000e+00
0.00000000000000e+00
0.00000000000000e+00
0.00000000000000e+00
0.00000000000000e+00
0.00000000000000e+00
0.00000000000000e+00
0.00000000000000e+00
0.00000000000000e+00
0.00000000000000e+00
0.00000000000000e+00
0.00000000000000e+00
0.00000000000000e+00
0.00000000000000e+00
0.00000000000000e+00
0.00000000000000e+00
0.00000000000000e+00
0.00000000000000e+00
0.00000000000000e+00
0.00000000000000e+00
0.00000000000000e+00
0.00000000000000e+00
