FiniteElementSpace
FiniteElementCollection: Local_L2_2D_P0
VDim: 1
Ordering: 0

0.00000000000000e+00
0.00000000000000e+00
0.00000000000000e+00
0.00000000000000e+00
0.00000000000000e+00
0.00000000000000e+00
0.00000000000000e+00
0.00000000000000e+00
0.00000000000000e+00
0.00000000000000e+00
0.00000000000000e+00
0.00000000000000e+00
0.00000000000000e+00
0.00000000000000e+00
0.00000000000000e+00
0.00000000000000e+00
0.00000000000000e+00
0.00000000000000e+00
0.00000000000000e+00
0.00000000000000e+00
0.00000000000000e+00
0.00000000000000e+00
0.00000000000000e+00
0.00000000000000e+00
0.00000000000000e+00
0.00000000000000e+00
0.00000000000000e+00
0.00000000000000e+00
0.00000000000000e+00
0.00000000000000e+00
0.00000000000000e+00
0.00000000000000e+00
0.00000000000000e+00
0.00000000000000e+00
9.60735979838478e-03
1.91221954699940e-02
2.84528739459718e-02
3.75095356919269e-02
4.62049601043708e-02
5.44554054928090e-02
6.21814155579989e-02
6.93085845995457e-02
7.57682740834727e-02
8.14982736688239e-02
8.64434003272562e-02
9.05560297857676e-02
9.37965551744808e-02
9.61337684624509e-02
9.75451610080641e-02
9.80171403295606e-02
9.75451610080641e-02
9.61337684624509e-02
9.37965551744808e-02
9.05560297857676e-02
8.64434003272562e-02
8.14982736688240e-02
7.57682740834727e-02
6.93085845995457e-02
6.21814155579989e-02
5.44554054928090e-02
4.62049601043708e-02
3.75095356919269e-02
2.84528739459718e-02
1.91221954699940e-02
9.60735979838480e-03
1.20036377166173e-17
0.00000000000000e+00
1.91221954699940e-02
3.80602337443566e-02
5.66317311619209e-02
7.46578340503426e-02
9.19649411847359e-02
1.08386375662370e-01
1.23763990092355e-01
1.37949689641471e-01
1.50806858268370e-01
1.62211674410729e-01
1.72054303454592e-01
1.80239955501737e-01
1.86689798248219e-01
1.91341716182545e-01
1.94150908792011e-01
1.95090322016128e-01
1.94150908792011e-01
1.91341716182545e-01
1.86689798248219e-01
1.80239955501737e-01
1.72054303454592e-01
1.62211674410729e-01
1.50806858268370e-01
1.37949689641472e-01
1.23763990092355e-01
1.08386375662370e-01
9.19649411847360e-02
7.46578340503426e-02
5.66317311619209e-02
3.80602337443567e-02
1.91221954699941e-02
2.38916738401678e-17
0.00000000000000e+00
2.84528739459718e-02
5.66317311619209e-02
8.42651938487274e-02
1.11087136654730e-01
1.36839249608341e-01
1.61273525784282e-01
1.84154649745842e-01
2.05262263761179e-01
2.24393089968728e-01
2.41362888054137e-01
2.56008229585210e-01
2.68188071917042e-01
2.77785116509801e-01
2.84706938577779e-01
2.88886877190609e-01
2.90284677254462e-01
2.88886877190609e-01
2.84706938577779e-01
2.77785116509801e-01
2.68188071917042e-01
2.56008229585210e-01
2.41362888054137e-01
2.24393089968728e-01
2.05262263761179e-01
1.84154649745842e-01
1.61273525784282e-01
1.36839249608342e-01
1.11087136654730e-01
8.42651938487274e-02
5.66317311619210e-02
2.84528739459719e-02
3.55496200841200e-17
0.00000000000000e+00
3.75095356919269e-02
7.46578340503426e-02
1.11087136654730e-01
1.46446609406726e-01
1.80395721254276e-01
2.12607523691814e-01
2.42771799453106e-01
2.70598050073098e-01
2.95818293546946e-01
3.18189645143208e-01
3.37496656516588e-01
3.53553390593274e-01
3.66205212246603e-01
3.75330277517865e-01
3.80840707040230e-01
3.82683432365090e-01
3.80840707040230e-01
3.75330277517865e-01
3.66205212246603e-01
3.53553390593274e-01
3.37496656516588e-01
3.18189645143209e-01
2.95818293546946e-01
2.70598050073099e-01
2.42771799453106e-01
2.12607523691814e-01
1.80395721254276e-01
1.46446609406726e-01
1.11087136654730e-01
7.46578340503427e-02
3.75095356919270e-02
4.68652040532630e-17
0.00000000000000e+00
4.62049601043708e-02
9.19649411847359e-02
1.36839249608341e-01
1.80395721254276e-01
2.22214883490199e-01
2.61893994923100e-01
2.99050924019070e-01
3.33327829238873e-01
3.64394605247579e-01
3.91952062009397e-01
4.15734806151273e-01
4.35513796846149e-01
4.51098551601338e-01
4.62338980709054e-01
4.69126832692346e-01
4.71396736825998e-01
4.69126832692346e-01
4.62338980709054e-01
4.51098551601338e-01
4.35513796846149e-01
4.15734806151273e-01
3.91952062009397e-01
3.64394605247579e-01
3.33327829238873e-01
2.99050924019070e-01
2.61893994923100e-01
2.22214883490199e-01
1.80395721254276e-01
1.36839249608341e-01
9.19649411847361e-02
4.62049601043709e-02
5.77294504882465e-17
0.00000000000000e+00
5.44554054928090e-02
1.08386375662370e-01
1.61273525784282e-01
2.12607523691814e-01
2.61893994923100e-01
3.08658283817455e-01
3.52450024708867e-01
3.92847479193551e-01
4.29461597701324e-01
4.61939766255643e-01
4.89969202338958e-01
5.13279967159337e-01
5.31647565308600e-01
5.44895106775819e-01
5.52895010494821e-01
5.55570233019602e-01
5.52895010494822e-01
5.44895106775819e-01
5.31647565308600e-01
5.13279967159337e-01
4.89969202338958e-01
4.61939766255643e-01
4.29461597701324e-01
3.92847479193551e-01
3.52450024708867e-01
3.08658283817455e-01
2.61893994923100e-01
2.12607523691814e-01
1.61273525784282e-01
1.08386375662370e-01
5.44554054928092e-02
6.80377307569005e-17
0.00000000000000e+00
6.21814155579989e-02
1.23763990092355e-01
1.84154649745842e-01
2.42771799453106e-01
2.99050924019070e-01
3.52450024708867e-01
4.02454838991936e-01
4.48583793171318e-01
4.90392640201615e-01
5.27478738030885e-01
5.59484927263707e-01
5.86102970801409e-01
6.07076522333818e-01
6.22203595094367e-01
6.31338507103075e-01
6.34393284163645e-01
6.31338507103075e-01
6.22203595094367e-01
6.07076522333818e-01
5.86102970801409e-01
5.59484927263707e-01
5.27478738030885e-01
4.90392640201615e-01
4.48583793171318e-01
4.02454838991936e-01
3.52450024708867e-01
2.99050924019070e-01
2.42771799453106e-01
1.84154649745842e-01
1.23763990092355e-01
6.21814155579990e-02
7.76907704851586e-17
0.00000000000000e+00
6.93085845995457e-02
1.37949689641471e-01
2.05262263761179e-01
2.70598050073098e-01
3.33327829238873e-01
3.92847479193551e-01
4.48583793171318e-01
5.00000000000000e-01
5.46600933500879e-01
5.87937801209679e-01
6.23612506493336e-01
6.53281482438188e-01
6.76659000587176e-01
6.93519922661074e-01
7.03701868763191e-01
7.07106781186547e-01
7.03701868763191e-01
6.93519922661074e-01
6.76659000587176e-01
6.53281482438188e-01
6.23612506493336e-01
5.87937801209679e-01
5.46600933500879e-01
5.00000000000000e-01
4.48583793171318e-01
3.92847479193551e-01
3.33327829238873e-01
2.70598050073099e-01
2.05262263761179e-01
1.37949689641472e-01
6.93085845995459e-02
8.65956056235493e-17
0.00000000000000e+00
7.57682740834727e-02
1.50806858268370e-01
2.24393089968728e-01
2.95818293546946e-01
3.64394605247579e-01
4.29461597701324e-01
4.90392640201615e-01
5.46600933500879e-01
5.97545161008064e-01
6.42734701963330e-01
6.81734356384160e-01
7.14168536279103e-01
7.39724882765445e-01
7.58157274256000e-01
7.69288196744546e-01
7.73010453362737e-01
7.69288196744546e-01
7.58157274256000e-01
7.39724882765445e-01
7.14168536279103e-01
6.81734356384160e-01
6.42734701963330e-01
5.97545161008064e-01
5.46600933500879e-01
4.90392640201615e-01
4.29461597701324e-01
3.64394605247579e-01
2.95818293546946e-01
2.24393089968728e-01
1.50806858268370e-01
7.57682740834728e-02
9.46664777418120e-17
0.00000000000000e+00
8.14982736688239e-02
1.62211674410729e-01
2.41362888054137e-01
3.18189645143208e-01
3.91952062009397e-01
4.61939766255643e-01
5.27478738030885e-01
5.87937801209679e-01
6.42734701963330e-01
6.91341716182545e-01
7.33290731749097e-01
7.68177756711416e-01
7.95666809947927e-01
8.15493156848917e-01
8.27465858855546e-01
8.31469612302545e-01
8.27465858855546e-01
8.15493156848917e-01
7.95666809947927e-01
7.68177756711416e-01
7.33290731749097e-01
6.91341716182545e-01
6.42734701963330e-01
5.87937801209679e-01
5.27478738030885e-01
4.61939766255643e-01
3.91952062009397e-01
3.18189645143209e-01
2.41362888054137e-01
1.62211674410729e-01
8.14982736688241e-02
1.01825659929460e-16
0.00000000000000e+00
8.64434003272562e-02
1.72054303454592e-01
2.56008229585210e-01
3.37496656516588e-01
4.15734806151273e-01
4.89969202338958e-01
5.59484927263707e-01
6.23612506493336e-01
6.81734356384160e-01
7.33290731749097e-01
7.77785116509801e-01
8.14789005417921e-01
8.43946030794889e-01
8.64975394547473e-01
8.77674572406916e-01
8.81921264348355e-01
8.77674572406916e-01
8.64975394547473e-01
8.43946030794889e-01
8.14789005417921e-01
7.77785116509801e-01
7.33290731749097e-01
6.81734356384160e-01
6.23612506493336e-01
5.59484927263707e-01
4.89969202338958e-01
4.15734806151273e-01
3.37496656516588e-01
2.56008229585210e-01
1.72054303454592e-01
8.64434003272564e-02
1.08004205348420e-16
0.00000000000000e+00
9.05560297857676e-02
1.80239955501737e-01
2.68188071917042e-01
3.53553390593274e-01
4.35513796846149e-01
5.13279967159337e-01
5.86102970801409e-01
6.53281482438188e-01
7.14168536279103e-01
7.68177756711416e-01
8.14789005417921e-01
8.53553390593274e-01
8.84097590017467e-01
9.06127446352888e-01
9.19430800040282e-01
9.23879532511287e-01
9.19430800040282e-01
9.06127446352888e-01
8.84097590017467e-01
8.53553390593274e-01
8.14789005417921e-01
7.68177756711417e-01
7.14168536279103e-01
6.53281482438188e-01
5.86102970801409e-01
5.13279967159337e-01
4.35513796846149e-01
3.53553390593274e-01
2.68188071917042e-01
1.80239955501737e-01
9.05560297857678e-02
1.13142611228770e-16
0.00000000000000e+00
9.37965551744808e-02
1.86689798248219e-01
2.77785116509801e-01
3.66205212246603e-01
4.51098551601338e-01
5.31647565308600e-01
6.07076522333818e-01
6.76659000587176e-01
7.39724882765445e-01
7.95666809947927e-01
8.43946030794889e-01
8.84097590017467e-01
9.15734806151273e-01
9.38552995510276e-01
9.52332406457259e-01
9.56940335732209e-01
9.52332406457259e-01
9.38552995510276e-01
9.15734806151273e-01
8.84097590017467e-01
8.43946030794889e-01
7.95666809947927e-01
7.39724882765445e-01
6.76659000587176e-01
6.07076522333818e-01
5.31647565308600e-01
4.51098551601338e-01
3.66205212246603e-01
2.77785116509801e-01
1.86689798248219e-01
9.37965551744810e-02
1.17191391912944e-16
0.00000000000000e+00
9.61337684624509e-02
1.91341716182545e-01
2.84706938577779e-01
3.75330277517865e-01
4.62338980709054e-01
5.44895106775819e-01
6.22203595094367e-01
6.93519922661074e-01
7.58157274256000e-01
8.15493156848917e-01
8.64975394547473e-01
9.06127446352888e-01
9.38552995510276e-01
9.61939766255643e-01
9.76062531202203e-01
9.80785280403230e-01
9.76062531202203e-01
9.61939766255643e-01
9.38552995510276e-01
9.06127446352888e-01
8.64975394547473e-01
8.15493156848917e-01
7.58157274256000e-01
6.93519922661074e-01
6.22203595094367e-01
5.44895106775819e-01
4.62338980709054e-01
3.75330277517865e-01
2.84706938577779e-01
1.91341716182545e-01
9.61337684624511e-02
1.20111555429666e-16
0.00000000000000e+00
9.75451610080641e-02
1.94150908792011e-01
2.88886877190609e-01
3.80840707040230e-01
4.69126832692346e-01
5.52895010494821e-01
6.31338507103075e-01
7.03701868763191e-01
7.69288196744546e-01
8.27465858855546e-01
8.77674572406916e-01
9.19430800040282e-01
9.52332406457259e-01
9.76062531202203e-01
9.90392640201615e-01
9.95184726672197e-01
9.90392640201615e-01
9.76062531202203e-01
9.52332406457259e-01
9.19430800040282e-01
8.77674572406916e-01
8.27465858855546e-01
7.69288196744547e-01
7.03701868763191e-01
6.31338507103075e-01
5.52895010494821e-01
4.69126832692346e-01
3.80840707040230e-01
2.88886877190609e-01
1.94150908792012e-01
9.75451610080643e-02
1.21874979007944e-16
0.00000000000000e+00
9.80171403295606e-02
1.95090322016128e-01
2.90284677254462e-01
3.82683432365090e-01
4.71396736825998e-01
5.55570233019602e-01
6.34393284163645e-01
7.07106781186547e-01
7.73010453362737e-01
8.31469612302545e-01
8.81921264348355e-01
9.23879532511287e-01
9.56940335732209e-01
9.80785280403230e-01
9.95184726672197e-01
1.00000000000000e+00
9.95184726672197e-01
9.80785280403230e-01
9.56940335732209e-01
9.23879532511287e-01
8.81921264348355e-01
8.31469612302545e-01
7.73010453362737e-01
7.07106781186548e-01
6.34393284163645e-01
5.55570233019602e-01
4.71396736825998e-01
3.82683432365090e-01
2.90284677254462e-01
1.95090322016129e-01
9.80171403295608e-02
1.22464679914735e-16
0.00000000000000e+00
9.75451610080641e-02
1.94150908792011e-01
2.88886877190609e-01
3.80840707040230e-01
4.69126832692346e-01
5.52895010494822e-01
6.31338507103075e-01
7.03701868763191e-01
7.69288196744546e-01
8.27465858855546e-01
8.77674572406916e-01
9.19430800040282e-01
9.52332406457259e-01
9.76062531202203e-01
9.90392640201615e-01
9.95184726672197e-01
9.90392640201615e-01
9.76062531202203e-01
9.52332406457259e-01
9.19430800040282e-01
8.77674572406916e-01
8.27465858855546e-01
7.69288196744547e-01
7.03701868763191e-01
6.31338507103075e-01
5.52895010494822e-01
4.69126832692346e-01
3.80840707040230e-01
2.88886877190609e-01
1.94150908792012e-01
9.75451610080644e-02
1.21874979007944e-16
0.00000000000000e+00
9.61337684624509e-02
1.91341716182545e-01
2.84706938577779e-01
3.75330277517865e-01
4.62338980709054e-01
5.44895106775819e-01
6.22203595094367e-01
6.93519922661074e-01
7.58157274256000e-01
8.15493156848917e-01
8.64975394547473e-01
9.06127446352888e-01
9.38552995510276e-01
9.61939766255643e-01
9.76062531202203e-01
9.80785280403230e-01
9.76062531202203e-01
9.61939766255643e-01
9.38552995510276e-01
9.06127446352888e-01
8.64975394547473e-01
8.15493156848917e-01
7.58157274256000e-01
6.93519922661074e-01
6.22203595094367e-01
5.44895106775819e-01
4.62338980709054e-01
3.75330277517865e-01
2.84706938577779e-01
1.91341716182545e-01
9.61337684624511e-02
1.20111555429666e-16
0.00000000000000e+00
9.37965551744808e-02
1.86689798248219e-01
2.77785116509801e-01
3.66205212246603e-01
4.51098551601338e-01
5.31647565308600e-01
6.07076522333818e-01
6.76659000587176e-01
7.39724882765445e-01
7.95666809947927e-01
8.43946030794889e-01
8.84097590017467e-01
9.15734806151273e-01
9.38552995510276e-01
9.52332406457259e-01
9.56940335732209e-01
9.52332406457259e-01
9.38552995510276e-01
9.15734806151273e-01
8.84097590017467e-01
8.43946030794889e-01
7.95666809947927e-01
7.39724882765445e-01
6.76659000587176e-01
6.07076522333818e-01
5.31647565308600e-01
4.51098551601338e-01
3.66205212246603e-01
2.77785116509801e-01
1.86689798248219e-01
9.37965551744810e-02
1.17191391912944e-16
0.00000000000000e+00
9.05560297857676e-02
1.80239955501737e-01
2.68188071917042e-01
3.53553390593274e-01
4.35513796846149e-01
5.13279967159337e-01
5.86102970801409e-01
6.53281482438188e-01
7.14168536279103e-01
7.68177756711416e-01
8.14789005417921e-01
8.53553390593274e-01
8.84097590017467e-01
9.06127446352888e-01
9.19430800040282e-01
9.23879532511287e-01
9.19430800040282e-01
9.06127446352888e-01
8.84097590017467e-01
8.53553390593274e-01
8.14789005417921e-01
7.68177756711417e-01
7.14168536279103e-01
6.53281482438188e-01
5.86102970801409e-01
5.13279967159337e-01
4.35513796846149e-01
3.53553390593274e-01
2.68188071917042e-01
1.80239955501737e-01
9.05560297857678e-02
1.13142611228770e-16
0.00000000000000e+00
8.64434003272562e-02
1.72054303454592e-01
2.56008229585210e-01
3.37496656516588e-01
4.15734806151273e-01
4.89969202338958e-01
5.59484927263707e-01
6.23612506493336e-01
6.81734356384160e-01
7.33290731749097e-01
7.77785116509801e-01
8.14789005417921e-01
8.43946030794889e-01
8.64975394547473e-01
8.77674572406916e-01
8.81921264348355e-01
8.77674572406916e-01
8.64975394547473e-01
8.43946030794889e-01
8.14789005417921e-01
7.77785116509801e-01
7.33290731749097e-01
6.81734356384160e-01
6.23612506493336e-01
5.59484927263707e-01
4.89969202338958e-01
4.15734806151273e-01
3.37496656516588e-01
2.56008229585210e-01
1.72054303454592e-01
8.64434003272564e-02
1.08004205348420e-16
0.00000000000000e+00
8.14982736688240e-02
1.62211674410729e-01
2.41362888054137e-01
3.18189645143209e-01
3.91952062009397e-01
4.61939766255643e-01
5.27478738030885e-01
5.87937801209679e-01
6.42734701963330e-01
6.91341716182545e-01
7.33290731749097e-01
7.68177756711417e-01
7.95666809947927e-01
8.15493156848917e-01
8.27465858855546e-01
8.31469612302545e-01
8.27465858855546e-01
8.15493156848917e-01
7.95666809947927e-01
7.68177756711417e-01
7.33290731749097e-01
6.91341716182545e-01
6.42734701963330e-01
5.87937801209680e-01
5.27478738030885e-01
4.61939766255643e-01
3.91952062009397e-01
3.18189645143209e-01
2.41362888054137e-01
1.62211674410729e-01
8.14982736688241e-02
1.01825659929460e-16
0.00000000000000e+00
7.57682740834727e-02
1.50806858268370e-01
2.24393089968728e-01
2.95818293546946e-01
3.64394605247579e-01
4.29461597701324e-01
4.90392640201615e-01
5.46600933500879e-01
5.97545161008064e-01
6.42734701963330e-01
6.81734356384160e-01
7.14168536279103e-01
7.39724882765445e-01
7.58157274256000e-01
7.69288196744547e-01
7.73010453362737e-01
7.69288196744547e-01
7.58157274256000e-01
7.39724882765445e-01
7.14168536279103e-01
6.81734356384160e-01
6.42734701963330e-01
5.97545161008064e-01
5.46600933500879e-01
4.90392640201615e-01
4.29461597701324e-01
3.64394605247579e-01
2.95818293546946e-01
2.24393089968728e-01
1.50806858268370e-01
7.57682740834728e-02
9.46664777418120e-17
0.00000000000000e+00
6.93085845995457e-02
1.37949689641472e-01
2.05262263761179e-01
2.70598050073099e-01
3.33327829238873e-01
3.92847479193551e-01
4.48583793171318e-01
5.00000000000000e-01
5.46600933500879e-01
5.87937801209679e-01
6.23612506493336e-01
6.53281482438188e-01
6.76659000587176e-01
6.93519922661074e-01
7.03701868763191e-01
7.07106781186548e-01
7.03701868763191e-01
6.93519922661074e-01
6.76659000587176e-01
6.53281482438188e-01
6.23612506493336e-01
5.87937801209680e-01
5.46600933500879e-01
5.00000000000000e-01
4.48583793171318e-01
3.92847479193551e-01
3.33327829238873e-01
2.70598050073099e-01
2.05262263761179e-01
1.37949689641472e-01
6.93085845995459e-02
8.65956056235493e-17
0.00000000000000e+00
6.21814155579989e-02
1.23763990092355e-01
1.84154649745842e-01
2.42771799453106e-01
2.99050924019070e-01
3.52450024708867e-01
4.02454838991936e-01
4.48583793171318e-01
4.90392640201615e-01
5.27478738030885e-01
5.59484927263707e-01
5.86102970801409e-01
6.07076522333818e-01
6.22203595094367e-01
6.31338507103075e-01
6.34393284163645e-01
6.31338507103075e-01
6.22203595094367e-01
6.07076522333818e-01
5.86102970801409e-01
5.59484927263707e-01
5.27478738030885e-01
4.90392640201615e-01
4.48583793171318e-01
4.02454838991936e-01
3.52450024708867e-01
2.99050924019070e-01
2.42771799453106e-01
1.84154649745842e-01
1.23763990092355e-01
6.21814155579990e-02
7.76907704851586e-17
0.00000000000000e+00
5.44554054928090e-02
1.08386375662370e-01
1.61273525784282e-01
2.12607523691814e-01
2.61893994923100e-01
3.08658283817455e-01
3.52450024708867e-01
3.92847479193551e-01
4.29461597701324e-01
4.61939766255643e-01
4.89969202338958e-01
5.13279967159337e-01
5.31647565308600e-01
5.44895106775819e-01
5.52895010494821e-01
5.55570233019602e-01
5.52895010494822e-01
5.44895106775819e-01
5.31647565308600e-01
5.13279967159337e-01
4.89969202338958e-01
4.61939766255643e-01
4.29461597701324e-01
3.92847479193551e-01
3.52450024708867e-01
3.08658283817455e-01
2.61893994923100e-01
2.12607523691814e-01
1.61273525784282e-01
1.08386375662370e-01
5.44554054928092e-02
6.80377307569005e-17
0.00000000000000e+00
4.62049601043708e-02
9.19649411847360e-02
1.36839249608342e-01
1.80395721254276e-01
2.22214883490199e-01
2.61893994923100e-01
2.99050924019070e-01
3.33327829238873e-01
3.64394605247579e-01
3.91952062009397e-01
4.15734806151273e-01
4.35513796846149e-01
4.51098551601338e-01
4.62338980709054e-01
4.69126832692346e-01
4.71396736825998e-01
4.69126832692346e-01
4.62338980709054e-01
4.51098551601338e-01
4.35513796846149e-01
4.15734806151273e-01
3.91952062009397e-01
3.64394605247579e-01
3.33327829238873e-01
2.99050924019070e-01
2.61893994923100e-01
2.22214883490199e-01
1.80395721254276e-01
1.36839249608342e-01
9.19649411847362e-02
4.62049601043709e-02
5.77294504882466e-17
0.00000000000000e+00
3.75095356919269e-02
7.46578340503426e-02
1.11087136654730e-01
1.46446609406726e-01
1.80395721254276e-01
2.12607523691814e-01
2.42771799453106e-01
2.70598050073099e-01
2.95818293546946e-01
3.18189645143209e-01
3.37496656516588e-01
3.53553390593274e-01
3.66205212246603e-01
3.75330277517865e-01
3.80840707040230e-01
3.82683432365090e-01
3.80840707040230e-01
3.75330277517865e-01
3.66205212246603e-01
3.53553390593274e-01
3.37496656516588e-01
3.18189645143209e-01
2.95818293546946e-01
2.70598050073099e-01
2.42771799453106e-01
2.12607523691814e-01
1.80395721254276e-01
1.46446609406726e-01
1.11087136654730e-01
7.46578340503428e-02
3.75095356919270e-02
4.68652040532630e-17
0.00000000000000e+00
2.84528739459718e-02
5.66317311619209e-02
8.42651938487274e-02
1.11087136654730e-01
1.36839249608341e-01
1.61273525784282e-01
1.84154649745842e-01
2.05262263761179e-01
2.24393089968728e-01
2.41362888054137e-01
2.56008229585210e-01
2.68188071917042e-01
2.77785116509801e-01
2.84706938577779e-01
2.88886877190609e-01
2.90284677254462e-01
2.88886877190609e-01
2.84706938577779e-01
2.77785116509801e-01
2.68188071917042e-01
2.56008229585210e-01
2.41362888054137e-01
2.24393089968728e-01
2.05262263761179e-01
1.84154649745842e-01
1.61273525784282e-01
1.36839249608342e-01
1.11087136654730e-01
8.42651938487274e-02
5.66317311619210e-02
2.84528739459719e-02
3.55496200841200e-17
0.00000000000000e+00
1.91221954699940e-02
3.80602337443567e-02
5.66317311619210e-02
7.46578340503427e-02
9.19649411847361e-02
1.08386375662370e-01
1.23763990092355e-01
1.37949689641472e-01
1.50806858268370e-01
1.62211674410729e-01
1.72054303454592e-01
1.80239955501737e-01
1.86689798248219e-01
1.91341716182545e-01
1.94150908792012e-01
1.95090322016129e-01
1.94150908792012e-01
1.91341716182545e-01
1.86689798248219e-01
1.80239955501737e-01
1.72054303454592e-01
1.62211674410729e-01
1.50806858268370e-01
1.37949689641472e-01
1.23763990092355e-01
1.08386375662370e-01
9.19649411847362e-02
7.46578340503428e-02
5.66317311619210e-02
3.80602337443568e-02
1.91221954699941e-02
2.38916738401678e-17
0.00000000000000e+00
9.60735979838480e-03
1.91221954699941e-02
2.84528739459719e-02
3.75095356919270e-02
4.62049601043709e-02
5.44554054928092e-02
6.21814155579990e-02
6.93085845995459e-02
7.57682740834728e-02
8.14982736688241e-02
8.64434003272564e-02
9.05560297857678e-02
9.37965551744810e-02
9.61337684624511e-02
9.75451610080643e-02
9.80171403295608e-02
9.75451610080644e-02
9.61337684624511e-02
9.37965551744810e-02
9.05560297857678e-02
8.64434003272564e-02
8.14982736688241e-02
7.57682740834728e-02
6.93085845995459e-02
6.21814155579990e-02
5.44554054928092e-02
4.62049601043709e-02
3.75095356919270e-02
2.84528739459719e-02
1.91221954699941e-02
9.60735979838482e-03
1.20036377166174e-17
0.00000000000000e+00
1.20036377166173e-17
2.38916738401678e-17
3.55496200841200e-17
4.68652040532630e-17
5.77294504882465e-17
6.80377307569005e-17
7.76907704851586e-17
8.65956056235493e-17
9.46664777418120e-17
1.01825659929460e-16
1.08004205348420e-16
1.13142611228770e-16
1.17191391912944e-16
1.20111555429666e-16
1.21874979007944e-16
1.22464679914735e-16
1.21874979007944e-16
1.20111555429666e-16
1.17191391912944e-16
1.13142611228770e-16
1.08004205348420e-16
1.01825659929460e-16
9.46664777418120e-17
8.65956056235493e-17
7.76907704851586e-17
6.80377307569005e-17
5.77294504882466e-17
4.68652040532630e-17
3.55496200841200e-17
2.38916738401678e-17
1.20036377166174e-17
1.49975978266186e-32
