0.03734354302287102
0.07325199246406555
0.10634540766477585
0.13535204529762268
0.1591571718454361
0.1768459528684616
0.18773867189884186
0.1914166808128357
0.18773868680000305
0.1768459528684616
0.1591571718454361
0.1353520303964615
0.10634540766477585
0.07325199246406555
0.03734354302287102
0.07325199246406555
0.14368894696235657
0.20860403776168823
0.26550257205963135
0.3121979832649231
0.34689581394195557
0.3682626485824585
0.3754773437976837
0.3682626485824585
0.34689581394195557
0.3121979832649231
0.26550257205963135
0.20860403776168823
0.14368896186351776
0.07325199991464615
0.10634540766477585
0.20860403776168823
0.30284610390663147
0.38544997572898865
0.4532412588596344
0.5036146640777588
0.534634530544281
0.5451086163520813
0.534634530544281
0.5036146640777588
0.4532412588596344
0.38545000553131104
0.30284610390663147
0.20860403776168823
0.10634541511535645
0.1353520303964615
0.26550257205963135
0.38544997572898865
0.49058476090431213
0.5768666863441467
0.6409798860549927
0.6804606318473816
0.6937916874885559
0.6804606318473816
0.6409799456596375
0.5768666863441467
0.49058476090431213
0.38544997572898865
0.26550257205963135
0.1353520303964615
0.1591571718454361
0.3121979832649231
0.4532412588596344
0.5768666863441467
0.6783234477043152
0.7537126541137695
0.8001371026039124
0.8158127069473267
0.8001371026039124
0.7537126541137695
0.6783234477043152
0.5768666863441467
0.453241229057312
0.3121979832649231
0.1591571569442749
0.1768459528684616
0.34689581394195557
0.5036146640777588
0.6409798860549927
0.7537126541137695
0.8374806046485901
0.8890646696090698
0.906482458114624
0.8890646696090698
0.8374806046485901
0.7537126541137695
0.6409799456596375
0.5036147236824036
0.34689584374427795
0.1768459677696228
0.18773867189884186
0.3682626485824585
0.534634530544281
0.6804606318473816
0.8001371026039124
0.8890646696090698
0.9438260197639465
0.962316632270813
0.9438260197639465
0.8890646696090698
0.8001371026039124
0.6804606318473816
0.534634530544281
0.3682626485824585
0.18773867189884186
0.1914166808128357
0.3754773437976837
0.5451086163520813
0.6937916874885559
0.8158127069473267
0.906482458114624
0.962316632270813
0.9811695218086243
0.9623166918754578
0.906482458114624
0.8158127069473267
0.6937916874885559
0.5451086163520813
0.3754773437976837
0.1914166957139969
0.18773867189884186
0.3682626485824585
0.534634530544281
0.6804606318473816
0.8001371026039124
0.8890646696090698
0.9438260197639465
0.9623166918754578
0.9438260197639465
0.8890646696090698
0.8001370429992676
0.6804606318473816
0.534634530544281
0.3682626485824585
0.18773867189884186
0.1768459528684616
0.34689584374427795
0.5036146640777588
0.6409799456596375
0.7537126541137695
0.8374806046485901
0.8890646696090698
0.906482458114624
0.8890646696090698
0.8374806046485901
0.7537126541137695
0.6409798860549927
0.5036147236824036
0.34689584374427795
0.1768459677696228
0.1591571718454361
0.3121979832649231
0.4532412588596344
0.5768666863441467
0.6783234477043152
0.7537126541137695
0.8001371026039124
0.8158127069473267
0.8001370429992676
0.7537126541137695
0.6783234477043152
0.5768666863441467
0.453241229057312
0.3121979832649231
0.1591571569442749
0.1353520303964615
0.26550257205963135
0.38544997572898865
0.49058476090431213
0.5768666863441467
0.6409799456596375
0.6804606318473816
0.6937916874885559
0.6804606318473816
0.6409798860549927
0.5768666863441467
0.49058476090431213
0.38544997572898865
0.26550257205963135
0.1353520303964615
0.10634540766477585
0.20860403776168823
0.30284610390663147
0.38544997572898865
0.453241229057312
0.5036146640777588
0.534634530544281
0.5451086163520813
0.534634530544281
0.5036146640777588
0.453241229057312
0.38544997572898865
0.30284610390663147
0.20860402286052704
0.10634541511535645
0.07325199246406555
0.14368896186351776
0.20860403776168823
0.26550257205963135
0.3121979832649231
0.34689584374427795
0.3682626485824585
0.3754773437976837
0.3682626485824585
0.34689584374427795
0.3121979832649231
0.26550257205963135
0.20860402286052704
0.14368896186351776
0.07325199246406555
0.03734354302287102
0.07325199991464615
0.10634541511535645
0.1353520303964615
0.1591571569442749
0.1768459677696228
0.18773867189884186
0.1914166957139969
0.18773867189884186
0.1768459677696228
0.1591571569442749
0.1353520303964615
0.10634541511535645
0.07325199246406555
0.03734354302287102
