0.03806023299694061
0.07465783506631851
0.10838637501001358
0.13794969022274017
0.16221167147159576
0.1802399605512619
0.19134171307086945
0.19509032368659973
0.19134171307086945
0.1802399605512619
0.16221167147159576
0.13794969022274017
0.10838637501001358
0.07465783506631851
0.03806023299694061
0.07465783506631851
0.1464466154575348
0.2126075178384781
0.27059805393218994
0.3181896507740021
0.3535533845424652
0.37533026933670044
0.3826834261417389
0.37533026933670044
0.3535533845424652
0.3181896507740021
0.27059805393218994
0.2126075178384781
0.1464466154575348
0.07465783506631851
0.10838637501001358
0.2126075178384781
0.30865827202796936
0.39284747838974
0.4619397521018982
0.5132799744606018
0.5448951125144958
0.5555702447891235
0.5448951125144958
0.5132799744606018
0.4619397521018982
0.39284747838974
0.30865827202796936
0.2126075178384781
0.10838637501001358
0.13794969022274017
0.27059805393218994
0.39284747838974
0.5
0.5879377722740173
0.6532815098762512
0.6935199499130249
0.7071067690849304
0.6935199499130249
0.6532815098762512
0.5879377722740173
0.5
0.39284747838974
0.27059805393218994
0.13794969022274017
0.16221167147159576
0.3181896507740021
0.4619397521018982
0.5879377722740173
0.6913416981697083
0.7681777477264404
0.8154931664466858
0.8314695954322815
0.8154931664466858
0.7681777477264404
0.6913416981697083
0.5879377722740173
0.4619397521018982
0.3181896507740021
0.16221167147159576
0.1802399605512619
0.3535533845424652
0.5132799744606018
0.6532815098762512
0.7681777477264404
0.8535534143447876
0.9061274528503418
0.9238795042037964
0.9061274528503418
0.8535534143447876
0.7681777477264404
0.6532815098762512
0.5132799744606018
0.3535533845424652
0.1802399605512619
0.19134171307086945
0.37533026933670044
0.5448951125144958
0.6935199499130249
0.8154931664466858
0.9061274528503418
0.9619397521018982
0.9807852506637573
0.9619397521018982
0.9061274528503418
0.8154931664466858
0.6935199499130249
0.5448951125144958
0.37533026933670044
0.19134171307086945
0.19509032368659973
0.3826834261417389
0.5555702447891235
0.7071067690849304
0.8314695954322815
0.9238795042037964
0.9807852506637573
1.0
0.9807852506637573
0.9238795042037964
0.8314695954322815
0.7071067690849304
0.5555702447891235
0.3826834261417389
0.19509032368659973
0.19134171307086945
0.37533026933670044
0.5448951125144958
0.6935199499130249
0.8154931664466858
0.9061274528503418
0.9619397521018982
0.9807852506637573
0.9619397521018982
0.9061274528503418
0.8154931664466858
0.6935199499130249
0.5448951125144958
0.37533026933670044
0.19134171307086945
0.1802399605512619
0.3535533845424652
0.5132799744606018
0.6532815098762512
0.7681777477264404
0.8535534143447876
0.9061274528503418
0.9238795042037964
0.9061274528503418
0.8535534143447876
0.7681777477264404
0.6532815098762512
0.5132799744606018
0.3535533845424652
0.1802399605512619
0.16221167147159576
0.3181896507740021
0.4619397521018982
0.5879377722740173
0.6913416981697083
0.7681777477264404
0.8154931664466858
0.8314695954322815
0.8154931664466858
0.7681777477264404
0.6913416981697083
0.5879377722740173
0.4619397521018982
0.3181896507740021
0.16221167147159576
0.13794969022274017
0.27059805393218994
0.39284747838974
0.5
0.5879377722740173
0.6532815098762512
0.6935199499130249
0.7071067690849304
0.6935199499130249
0.6532815098762512
0.5879377722740173
0.5
0.39284747838974
0.27059805393218994
0.13794969022274017
0.10838637501001358
0.2126075178384781
0.30865827202796936
0.39284747838974
0.4619397521018982
0.5132799744606018
0.5448951125144958
0.5555702447891235
0.5448951125144958
0.5132799744606018
0.4619397521018982
0.39284747838974
0.30865827202796936
0.2126075178384781
0.10838637501001358
0.07465783506631851
0.1464466154575348
0.2126075178384781
0.27059805393218994
0.3181896507740021
0.3535533845424652
0.37533026933670044
0.3826834261417389
0.37533026933670044
0.3535533845424652
0.3181896507740021
0.27059805393218994
0.2126075178384781
0.1464466154575348
0.07465783506631851
0.03806023299694061
0.07465783506631851
0.10838637501001358
0.13794969022274017
0.16221167147159576
0.1802399605512619
0.19134171307086945
0.19509032368659973
0.19134171307086945
0.1802399605512619
0.16221167147159576
0.13794969022274017
0.10838637501001358
0.07465783506631851
0.03806023299694061
