0.008500819094479084
0.01691976934671402
0.025175776332616806
0.0331893265247345
0.04088324308395386
0.048183441162109375
0.05501959100365639
0.06132587790489197
0.0670415610074997
0.07211160659790039
0.07648716866970062
0.08012612909078598
0.08299341052770615
0.08506143093109131
0.0863102525472641
0.08672788739204407
0.08631026744842529
0.0850614383816719
0.08299341052770615
0.08012612164020538
0.07648716121912003
0.07211160659790039
0.0670415610074997
0.06132587417960167
0.05501959100365639
0.04818343743681908
0.040883246809244156
0.0331893265247345
0.025175776332616806
0.01691976934671402
0.008500819094479084
0.01691977120935917
0.033676594495773315
0.05010909587144852
0.06605901569128036
0.08137275278568268
0.09590284526348114
0.10950931906700134
0.12206114828586578
0.13343748450279236
0.1435287594795227
0.15223772823810577
0.15948058664798737
0.16518756747245789
0.16930368542671204
0.17178933322429657
0.17262054979801178
0.17178934812545776
0.16930370032787323
0.16518756747245789
0.15948060154914856
0.15223771333694458
0.14352872967720032
0.13343746960163116
0.12206114828586578
0.10950931161642075
0.09590284526348114
0.08137276768684387
0.06605901569128036
0.05010909214615822
0.033676594495773315
0.01691976934671402
0.025175776332616806
0.05010909587144852
0.07455983757972717
0.0982925295829773
0.12107860296964645
0.14269863069057465
0.16294439136981964
0.18162091076374054
0.1985483169555664
0.21356362104415894
0.22652216255664825
0.2372991442680359
0.24579083919525146
0.25191545486450195
0.2556139826774597
0.25685083866119385
0.2556140124797821
0.25191548466682434
0.24579086899757385
0.23729917407035828
0.22652214765548706
0.21356357634067535
0.1985483169555664
0.18162091076374054
0.16294439136981964
0.14269864559173584
0.12107861042022705
0.09829253703355789
0.07455983757972717
0.05010908842086792
0.02517577074468136
0.0331893265247345
0.06605902314186096
0.0982925295829773
0.12957943975925446
0.15961839258670807
0.18812014162540436
0.21481022238731384
0.23943156003952026
0.2617470324039459
0.28154170513153076
0.29862499237060547
0.31283238530158997
0.32402706146240234
0.33210110664367676
0.33697688579559326
0.3386073708534241
0.33697691559791565
0.33210116624832153
0.32402706146240234
0.31283241510391235
0.29862502217292786
0.28154173493385315
0.2617470324039459
0.23943156003952026
0.21481022238731384
0.18812015652656555
0.15961840748786926
0.12957943975925446
0.0982925295829773
0.06605901569128036
0.0331893190741539
0.040883250534534454
0.08137276768684387
0.12107861042022705
0.15961839258670807
0.19662098586559296
0.23172999918460846
0.264607310295105
0.29493632912635803
0.322424978017807
0.34680843353271484
0.36785197257995605
0.3853529095649719
0.39914265275001526
0.4090884327888489
0.4150944948196411
0.41710299253463745
0.4150945544242859
0.40908849239349365
0.39914268255233765
0.3853529095649719
0.36785200238227844
0.34680846333503723
0.3224250078201294
0.29493632912635803
0.2646072804927826
0.23172998428344727
0.19662098586559296
0.15961840748786926
0.12107861042022705
0.08137276768684387
0.040883246809244156
0.04818343743681908
0.09590284526348114
0.14269864559173584
0.18812017142772675
0.23173002898693085
0.2731081545352936
0.31185612082481384
0.3476007580757141
0.37999778985977173
0.4087352156639099
0.4335363507270813
0.45416226983070374
0.47041431069374084
0.482136070728302
0.48921456933021545
0.49158167839050293
0.48921459913253784
0.482136070728302
0.47041431069374084
0.45416226983070374
0.4335363507270813
0.4087352454662323
0.37999778985977173
0.3476007282733917
0.31185609102249146
0.27310818433761597
0.23173001408576965
0.18812018632888794
0.14269866049289703
0.09590285271406174
0.048183441162109375
0.05501958727836609
0.10950931161642075
0.16294442117214203
0.21481025218963623
0.26460734009742737
0.31185609102249146
0.3561015725135803
0.39691752195358276
0.4339110255241394
0.466725617647171
0.4950454533100128
0.5185977816581726
0.5371555685997009
0.5505403876304626
0.558623194694519
0.5613261461257935
0.558623194694519
0.5505404472351074
0.5371556282043457
0.5185977816581726
0.4950454831123352
0.4667256772518158
0.4339110255241394
0.39691755175590515
0.3561015725135803
0.31185615062713623
0.26460739970207214
0.21481026709079742
0.16294442117214203
0.10950932651758194
0.055019594728946686
0.06132587790489197
0.12206114828586578
0.18162092566490173
0.23943158984184265
0.2949363887310028
0.3476007580757141
0.39691755175590515
0.44241178035736084
0.48364540934562683
0.5202212333679199
0.5517870187759399
0.5780388116836548
0.5987237691879272
0.6136428117752075
0.622651994228363
0.6256647109985352
0.6226519346237183
0.6136428117752075
0.5987238883972168
0.5780388712882996
0.5517870783805847
0.5202212333679199
0.48364540934562683
0.4424118101596832
0.39691758155822754
0.3476007878780365
0.2949364185333252
0.23943160474300385
0.18162094056606293
0.12206116318702698
0.061325885355472565
0.0670415610074997
0.13343748450279236
0.1985483169555664
0.2617470324039459
0.322424978017807
0.37999776005744934
0.433910995721817
0.4836454689502716
0.5287220478057861
0.5687068104743958
0.6032145619392395
0.6319130659103394
0.6545260548591614
0.6708354949951172
0.6806844472885132
0.6839778423309326
0.6806843280792236
0.6708354353904724
0.6545260548591614
0.6319131851196289
0.6032146215438843
0.5687068104743958
0.5287220478057861
0.4836454391479492
0.4339110553264618
0.3799978196620941
0.32242506742477417
0.2617470622062683
0.1985483467578888
0.13343748450279236
0.06704157590866089
0.07211160659790039
0.1435287445783615
0.21356360614299774
0.28154170513153076
0.34680843353271484
0.4087352454662323
0.4667257070541382
0.5202212333679199
0.5687068104743958
0.6117154359817505
0.6488329172134399
0.6797018051147461
0.7040249109268188
0.7215676307678223
0.7321614623069763
0.7357040047645569
0.7321614027023315
0.721567690372467
0.7040249109268188
0.6797019243240356
0.6488330364227295
0.6117154955863953
0.5687068104743958
0.5202212333679199
0.4667256772518158
0.4087352752685547
0.34680846333503723
0.28154170513153076
0.21356360614299774
0.1435287445783615
0.07211161404848099
0.07648717612028122
0.15223771333694458
0.22652214765548706
0.29862502217292786
0.36785197257995605
0.4335363209247589
0.49504554271698
0.5517870783805847
0.603214681148529
0.6488329172134399
0.6882026195526123
0.7209445834159851
0.746743381023407
0.7653506398200989
0.7765873074531555
0.7803448438644409
0.7765873074531555
0.7653506994247437
0.7467434406280518
0.7209446430206299
0.6882026791572571
0.6488329768180847
0.603214681148529
0.5517871379852295
0.4950455129146576
0.4335364103317261
0.36785200238227844
0.29862502217292786
0.22652216255664825
0.15223774313926697
0.07648717612028122
0.08012612164020538
0.15948057174682617
0.23729915916919708
0.31283241510391235
0.3853529095649719
0.4541623294353485
0.5185978412628174
0.5780389308929443
0.6319131851196289
0.6797018647193909
0.7209445834159851
0.755244255065918
0.7822704911231995
0.8017630577087402
0.8135342001914978
0.8174705505371094
0.8135342597961426
0.8017630577087402
0.7822705507278442
0.7552443146705627
0.7209446430206299
0.6797018647193909
0.6319132447242737
0.5780389308929443
0.5185977816581726
0.4541622996330261
0.3853529095649719
0.31283241510391235
0.23729915916919708
0.15948058664798737
0.08012613654136658
0.08299341052770615
0.1651875376701355
0.24579083919525146
0.32402706146240234
0.39914265275001526
0.4704143702983856
0.5371556878089905
0.5987238883972168
0.6545261144638062
0.7040249109268188
0.7467434406280518
0.7822704911231995
0.8102638721466064
0.8304538726806641
0.8426463007926941
0.8467235565185547
0.8426463007926941
0.8304538726806641
0.8102638721466064
0.7822705507278442
0.7467434406280518
0.7040249109268188
0.6545261144638062
0.5987238883972168
0.5371556878089905
0.4704143702983856
0.39914271235466003
0.32402706146240234
0.24579088389873505
0.16518756747245789
0.08299341797828674
0.08506142348051071
0.16930367052555084
0.25191545486450195
0.33210107684135437
0.4090884327888489
0.482136070728302
0.5505404472351074
0.6136428117752075
0.6708354949951172
0.721567690372467
0.7653506398200989
0.8017630577087402
0.8304538726806641
0.8511471748352051
0.8636431694030762
0.867821991443634
0.863643229007721
0.8511470556259155
0.8304538726806641
0.8017630577087402
0.7653506398200989
0.7215676307678223
0.6708354949951172
0.6136428117752075
0.5505403876304626
0.4821361303329468
0.40908849239349365
0.33210113644599915
0.25191545486450195
0.16930368542671204
0.08506143093109131
0.08631026744842529
0.17178931832313538
0.25561395287513733
0.3369768559932709
0.4150944948196411
0.48921456933021545
0.558623194694519
0.6226519346237183
0.6806843280792236
0.7321614027023315
0.7765873074531555
0.8135342597961426
0.8426463603973389
0.8636432886123657
0.8763228058815002
0.8805630207061768
0.876322865486145
0.863643229007721
0.8426463007926941
0.8135342001914978
0.7765872478485107
0.7321613430976868
0.6806843876838684
0.622651994228363
0.558623194694519
0.48921459913253784
0.4150945246219635
0.33697688579559326
0.2556140124797821
0.17178934812545776
0.0863102599978447
0.08672787249088287
0.1726205199956894
0.25685080885887146
0.3386073410511017
0.41710296273231506
0.49158164858818054
0.5613261461257935
0.6256647109985352
0.6839778423309326
0.7357040047645569
0.7803448438644409
0.8174705505371094
0.8467235565185547
0.8678221106529236
0.8805630207061768
0.8848236203193665
0.880562961101532
0.8678220510482788
0.8467234969139099
0.8174704909324646
0.7803448438644409
0.7357040047645569
0.6839779019355774
0.6256647109985352
0.5613260865211487
0.49158161878585815
0.41710296273231506
0.3386073708534241
0.25685083866119385
0.17262056469917297
0.08672788739204407
0.08631026744842529
0.17178933322429657
0.2556140124797821
0.33697688579559326
0.4150944948196411
0.48921456933021545
0.558623194694519
0.622651994228363
0.6806843876838684
0.7321614027023315
0.7765873074531555
0.8135342001914978
0.8426462411880493
0.863643229007721
0.876322865486145
0.8805630207061768
0.876322865486145
0.863643229007721
0.8426461815834045
0.8135340213775635
0.776587188243866
0.7321614027023315
0.6806843280792236
0.6226519346237183
0.558623194694519
0.48921453952789307
0.4150944948196411
0.33697688579559326
0.2556140124797821
0.17178931832313538
0.0863102599978447
0.0850614383816719
0.16930370032787323
0.25191548466682434
0.33210110664367676
0.40908849239349365
0.4821361303329468
0.5505404472351074
0.6136427521705627
0.6708354949951172
0.7215676307678223
0.7653506398200989
0.8017629981040955
0.8304538130760193
0.8511470556259155
0.8636432886123657
0.8678220510482788
0.8636432886123657
0.8511470556259155
0.8304538726806641
0.8017629981040955
0.7653505802154541
0.7215676307678223
0.6708354949951172
0.6136428117752075
0.5505404472351074
0.482136070728302
0.40908846259117126
0.33210113644599915
0.25191545486450195
0.16930368542671204
0.08506143093109131
0.08299341797828674
0.1651875525712967
0.24579085409641266
0.32402706146240234
0.39914268255233765
0.4704143702983856
0.5371557474136353
0.5987239480018616
0.6545261144638062
0.7040249109268188
0.7467434406280518
0.7822704315185547
0.8102638125419617
0.8304539322853088
0.8426463603973389
0.8467234969139099
0.8426463007926941
0.8304538726806641
0.8102638125419617
0.7822704315185547
0.7467434406280518
0.7040249109268188
0.6545260548591614
0.5987238883972168
0.5371557474136353
0.47041434049606323
0.39914265275001526
0.32402706146240234
0.24579086899757385
0.16518756747245789
0.08299341797828674
0.08012613654136658
0.15948057174682617
0.23729917407035828
0.31283241510391235
0.3853529095649719
0.4541622996330261
0.5185978412628174
0.5780389308929443
0.6319131255149841
0.6797018647193909
0.7209446430206299
0.755244255065918
0.7822704315185547
0.8017629981040955
0.813534140586853
0.8174704313278198
0.813534140586853
0.8017629981040955
0.7822704315185547
0.7552441954612732
0.7209445238113403
0.6797018051147461
0.6319131255149841
0.5780388116836548
0.5185978412628174
0.45416226983070374
0.3853529095649719
0.31283241510391235
0.23729917407035828
0.15948060154914856
0.08012613654136658
0.07648717612028122
0.15223771333694458
0.22652214765548706
0.29862505197525024
0.36785200238227844
0.4335363805294037
0.4950455129146576
0.5517871379852295
0.603214681148529
0.6488329768180847
0.6882026791572571
0.7209446430206299
0.7467434406280518
0.7653506398200989
0.7765873074531555
0.7803448438644409
0.7765872478485107
0.7653505802154541
0.746743381023407
0.7209444642066956
0.6882026791572571
0.6488329172134399
0.6032146215438843
0.5517870187759399
0.4950455129146576
0.4335363507270813
0.36785200238227844
0.29862502217292786
0.22652214765548706
0.15223772823810577
0.07648717612028122
0.07211162149906158
0.1435287594795227
0.21356362104415894
0.28154173493385315
0.3468084931373596
0.4087352454662323
0.4667256772518158
0.5202212929725647
0.5687068700790405
0.61171555519104
0.6488329768180847
0.6797018647193909
0.7040249109268188
0.7215676307678223
0.7321614027023315
0.7357040047645569
0.7321614623069763
0.721567690372467
0.7040249109268188
0.6797018051147461
0.6488329768180847
0.6117154359817505
0.5687068104743958
0.5202212333679199
0.4667257070541382
0.4087352752685547
0.34680846333503723
0.28154173493385315
0.21356362104415894
0.1435287594795227
0.07211162149906158
0.06704157590866089
0.13343749940395355
0.1985483318567276
0.2617470622062683
0.3224250078201294
0.3799978196620941
0.4339110553264618
0.4836454391479492
0.5287220478057861
0.5687068700790405
0.603214681148529
0.6319131851196289
0.6545260548591614
0.6708354353904724
0.6806843280792236
0.6839779019355774
0.6806843876838684
0.670835554599762
0.6545261144638062
0.6319131851196289
0.6032147407531738
0.5687068700790405
0.5287221074104309
0.4836454391479492
0.4339110553264618
0.3799978196620941
0.3224250376224518
0.2617470324039459
0.1985483169555664
0.13343748450279236
0.0670415610074997
0.061325881630182266
0.12206115573644638
0.18162091076374054
0.23943157494068146
0.2949363589286804
0.3476007878780365
0.39691758155822754
0.4424118101596832
0.4836454689502716
0.5202212333679199
0.5517870187759399
0.5780388116836548
0.598723828792572
0.6136428117752075
0.622651994228363
0.6256647109985352
0.6226520538330078
0.6136428713798523
0.5987240076065063
0.5780389308929443
0.5517870783805847
0.5202212929725647
0.4836454689502716
0.4424118399620056
0.39691755175590515
0.3476007878780365
0.2949364185333252
0.23943158984184265
0.18162092566490173
0.12206114828586578
0.06132587790489197
0.05501959100365639
0.10950931161642075
0.16294440627098083
0.21481023728847504
0.26460734009742737
0.31185612082481384
0.3561015725135803
0.39691755175590515
0.4339110553264618
0.4667256474494934
0.4950454533100128
0.5185977816581726
0.5371555685997009
0.5505404472351074
0.558623194694519
0.5613260865211487
0.558623194694519
0.5505404472351074
0.5371556878089905
0.5185978412628174
0.4950455129146576
0.4667256772518158
0.4339110255241394
0.39691752195358276
0.3561015725135803
0.31185615062713623
0.26460734009742737
0.21481025218963623
0.16294440627098083
0.10950931161642075
0.05501959100365639
0.048183441162109375
0.09590284526348114
0.14269864559173584
0.18812017142772675
0.23172999918460846
0.2731081545352936
0.31185612082481384
0.3476007580757141
0.37999778985977173
0.4087351858615875
0.4335362911224365
0.45416224002838135
0.47041425108909607
0.4821360111236572
0.48921453952789307
0.49158164858818054
0.48921456933021545
0.4821361005306244
0.47041434049606323
0.45416226983070374
0.4335363507270813
0.4087352156639099
0.37999778985977173
0.3476007580757141
0.31185612082481384
0.2731081545352936
0.23173002898693085
0.18812018632888794
0.14269864559173584
0.09590283781290054
0.04818343743681908
0.04088324308395386
0.08137276768684387
0.12107861042022705
0.15961842238903046
0.19662100076675415
0.23173001408576965
0.26460734009742737
0.2949363589286804
0.3224250078201294
0.34680843353271484
0.36785194277763367
0.38535287976264954
0.39914262294769287
0.4090884327888489
0.4150944650173187
0.4171029329299927
0.4150944948196411
0.40908846259117126
0.39914262294769287
0.38535284996032715
0.36785197257995605
0.34680843353271484
0.3224250078201294
0.2949363887310028
0.26460736989974976
0.23173002898693085
0.19662100076675415
0.15961842238903046
0.12107861042022705
0.08137276023626328
0.040883246809244156
0.0331893227994442
0.06605902314186096
0.09829253703355789
0.12957945466041565
0.15961839258670807
0.18812015652656555
0.21481023728847504
0.23943157494068146
0.2617470324039459
0.28154173493385315
0.29862502217292786
0.31283238530158997
0.32402703166007996
0.33210110664367676
0.3369768559932709
0.3386073708534241
0.33697688579559326
0.33210107684135437
0.32402706146240234
0.31283238530158997
0.29862499237060547
0.28154170513153076
0.2617470324039459
0.23943157494068146
0.21481023728847504
0.18812018632888794
0.15961842238903046
0.12957943975925446
0.0982925295829773
0.06605902314186096
0.0331893265247345
0.025175776332616806
0.05010909587144852
0.07455983012914658
0.09829253703355789
0.12107860296964645
0.14269863069057465
0.16294439136981964
0.18162092566490173
0.1985483318567276
0.21356360614299774
0.22652214765548706
0.23729915916919708
0.24579085409641266
0.25191545486450195
0.2556140124797821
0.2568507790565491
0.2556139826774597
0.25191545486450195
0.24579083919525146
0.2372991442680359
0.22652211785316467
0.21356360614299774
0.1985483169555664
0.18162091076374054
0.16294437646865845
0.14269864559173584
0.12107861787080765
0.0982925295829773
0.07455983757972717
0.05010909587144852
0.025175776332616806
0.01691977120935917
0.033676594495773315
0.05010909214615822
0.06605901569128036
0.08137276768684387
0.09590283781290054
0.10950930416584015
0.12206115573644638
0.13343748450279236
0.1435287445783615
0.15223772823810577
0.15948057174682617
0.1651875525712967
0.16930368542671204
0.17178934812545776
0.17262054979801178
0.17178933322429657
0.16930368542671204
0.1651875525712967
0.15948058664798737
0.15223771333694458
0.1435287445783615
0.13343748450279236
0.12206114828586578
0.10950930416584015
0.09590284526348114
0.08137276768684387
0.06605902314186096
0.05010909587144852
0.033676594495773315
0.016919773072004318
0.008500819094479084
0.01691977120935917
0.025175776332616806
0.0331893265247345
0.040883246809244156
0.04818343743681908
0.05501959100365639
0.06132587790489197
0.06704156845808029
0.07211162149906158
0.07648717612028122
0.08012613654136658
0.08299341797828674
0.0850614383816719
0.08631028234958649
0.08672788739204407
0.08631027489900589
0.0850614383816719
0.08299341797828674
0.08012613654136658
0.07648717612028122
0.07211161404848099
0.06704156845808029
0.06132587790489197
0.05501958727836609
0.04818343371152878
0.04088324308395386
0.0331893265247345
0.025175778195261955
0.016919773072004318
0.008500820957124233
