0.00849263183772564
0.016903474926948547
0.025151528418064117
0.033157359808683395
0.04084387049078941
0.048137031495571136
0.054966602474451065
0.06126681715250015
0.06697700172662735
0.07204216718673706
0.07641350477933884
0.08004895597696304
0.08291347324848175
0.08497951179742813
0.08622714877128601
0.08664435893297195
0.08622714132070541
0.08497951179742813
0.08291348069906235
0.08004894852638245
0.07641349732875824
0.07204216718673706
0.06697699427604675
0.06126682087779045
0.054966606199741364
0.04813704267144203
0.04084387794137001
0.03315736725926399
0.025151534005999565
0.016903478652238846
0.008492632769048214
0.016903476789593697
0.033644162118434906
0.05006083846092224
0.06599539518356323
0.08129439502954483
0.09581048041582108
0.10940384864807129
0.12194360047578812
0.13330897688865662
0.14339053630828857
0.1520911157131195
0.15932700037956238
0.16502846777439117
0.16914063692092896
0.17162388563156128
0.17245429754257202
0.17162387073040009
0.16914060711860657
0.16502845287322998
0.15932697057724
0.1520911008119583
0.14339052140712738
0.13330897688865662
0.12194360792636871
0.10940385609865189
0.09581048786640167
0.08129440993070602
0.06599541008472443
0.05006084218621254
0.033644165843725204
0.016903476789593697
0.025151530280709267
0.05006083846092224
0.07448802888393402
0.09819786995649338
0.12096200883388519
0.14256121218204498
0.16278748214244843
0.18144600093364716
0.19835712015628815
0.21335794031620026
0.22630400955677032
0.23707063496112823
0.2455541491508484
0.2516728341579437
0.25536781549453735
0.2566034495830536
0.25536778569221497
0.25167280435562134
0.2455541044473648
0.23707059025764465
0.22630399465560913
0.21335792541503906
0.19835712015628815
0.18144603073596954
0.16278749704360962
0.14256122708320618
0.12096202373504639
0.09819788485765457
0.07448804378509521
0.05006084591150284
0.025151532143354416
0.033157363533973694
0.06599540263414383
0.09819786995649338
0.12945464253425598
0.15946470201015472
0.18793900310993195
0.21460337936878204
0.23920100927352905
0.2614949941635132
0.2812706232070923
0.298337459564209
0.31253114342689514
0.3237150311470032
0.331781268119812
0.33665233850479126
0.3382812440395355
0.33665233850479126
0.3317812383174896
0.323714941740036
0.31253111362457275
0.2983374297618866
0.2812705934047699
0.2614949941635132
0.23920102417469025
0.21460339426994324
0.18793901801109314
0.15946470201015472
0.12945464253425598
0.09819787740707397
0.06599541008472443
0.03315736725926399
0.04084387421607971
0.08129440248012543
0.12096200883388519
0.15946468710899353
0.19643163681030273
0.2315068542957306
0.2643525302410126
0.29465237259864807
0.3221145570278168
0.3464745283126831
0.3674977719783783
0.38498181104660034
0.39875832200050354
0.4086945056915283
0.41469472646713257
0.41670122742652893
0.4146946966648102
0.40869444608688354
0.39875826239585876
0.38498178124427795
0.3674977421760559
0.3464744985103607
0.3221145272254944
0.29465237259864807
0.2643525302410126
0.23150686919689178
0.19643165171146393
0.15946467220783234
0.12096200883388519
0.08129440248012543
0.04084387421607971
0.048137035220861435
0.09581048786640167
0.14256121218204498
0.18793900310993195
0.2315068542957306
0.27284517884254456
0.3115558326244354
0.3472660481929779
0.379631906747818
0.408341646194458
0.4331188499927521
0.4537249207496643
0.4699613153934479
0.4816717803478241
0.488743394613266
0.4911081790924072
0.4887433648109436
0.4816717207431793
0.4699613153934479
0.4537249207496643
0.4331188499927521
0.4083416163921356
0.3796318769454956
0.3472660183906555
0.31155580282211304
0.27284517884254456
0.2315068542957306
0.18793900310993195
0.14256122708320618
0.09581048786640167
0.04813703894615173
0.054966606199741364
0.10940384864807129
0.16278748214244843
0.21460337936878204
0.2643525302410126
0.31155580282211304
0.3557586669921875
0.39653536677360535
0.4334932267665863
0.46627625823020935
0.494568794965744
0.5180984139442444
0.5366383790969849
0.5500102639198303
0.5580852031707764
0.5607854723930359
0.5580851435661316
0.5500102043151855
0.5366383790969849
0.5180984139442444
0.494568794965744
0.46627622842788696
0.4334931969642639
0.39653536677360535
0.3557586669921875
0.31155580282211304
0.2643525004386902
0.21460337936878204
0.16278748214244843
0.10940385609865189
0.054966606199741364
0.06126682087779045
0.12194360792636871
0.18144601583480835
0.23920100927352905
0.2946523427963257
0.3472660183906555
0.39653533697128296
0.4419858157634735
0.4831797480583191
0.5197203159332275
0.5512557625770569
0.5774822235107422
0.5981472730636597
0.6130518317222595
0.6220523715019226
0.6250621676445007
0.6220523715019226
0.6130518317222595
0.5981472730636597
0.5774822235107422
0.5512557625770569
0.5197203159332275
0.4831796884536743
0.4419857859611511
0.39653530716896057
0.34726598858833313
0.2946523427963257
0.23920100927352905
0.18144603073596954
0.12194361537694931
0.06126682087779045
0.06697700172662735
0.1333089917898178
0.19835710525512695
0.2614949643611908
0.322114497423172
0.3796318471431732
0.43349313735961914
0.4831796884536743
0.5282129645347595
0.5681591629981995
0.6026337742805481
0.6313046216964722
0.6538957357406616
0.670189380645752
0.6800287961959839
0.6833191514015198
0.6800288558006287
0.6701894402503967
0.6538957357406616
0.6313046216964722
0.6026338338851929
0.5681591629981995
0.52821284532547
0.48317965865135193
0.43349310755729675
0.37963181734085083
0.322114497423172
0.2614949941635132
0.19835712015628815
0.1333089917898178
0.06697700172662735
0.07204216718673706
0.14339052140712738
0.21335792541503906
0.2812705934047699
0.34647446870803833
0.4083416163921356
0.4662761688232422
0.5197203159332275
0.5681591629981995
0.6111263632774353
0.6482081413269043
0.6790472269058228
0.703346848487854
0.7208727598190308
0.7314562797546387
0.734995424747467
0.7314562201499939
0.7208727598190308
0.703346848487854
0.6790472865104675
0.6482081413269043
0.6111264228820801
0.5681591033935547
0.519720196723938
0.4662761390209198
0.40834158658981323
0.34647443890571594
0.2812705636024475
0.21335791051387787
0.1433905065059662
0.07204215973615646
0.07641349732875824
0.1520911008119583
0.22630397975444794
0.2983374297618866
0.3674977421760559
0.4331188499927521
0.49456876516342163
0.5512557029724121
0.6026337146759033
0.6482081413269043
0.6875398755073547
0.7202502489089966
0.7460242509841919
0.7646135687828064
0.7758393287658691
0.779593288898468
0.7758393287658691
0.7646135687828064
0.7460242509841919
0.7202502489089966
0.6875398755073547
0.6482080817222595
0.6026337146759033
0.5512556433677673
0.49456870555877686
0.4331187903881073
0.3674977123737335
0.2983374297618866
0.22630397975444794
0.1520911008119583
0.07641349732875824
0.08004894852638245
0.15932697057724
0.23707060515880585
0.31253111362457275
0.38498178124427795
0.4537248909473419
0.5180983543395996
0.5774821639060974
0.6313045620918274
0.6790472269058228
0.7202502489089966
0.7545168995857239
0.7815171480178833
0.800990879535675
0.8127506375312805
0.8166831731796265
0.8127505779266357
0.8009908199310303
0.7815170288085938
0.7545168399810791
0.7202502489089966
0.679047167301178
0.6313045024871826
0.5774821043014526
0.5180983543395996
0.45372486114501953
0.38498175144195557
0.31253108382225037
0.23707059025764465
0.15932698547840118
0.08004895597696304
0.08291348069906235
0.16502846777439117
0.2455541342496872
0.3237149715423584
0.39875826239585876
0.4699612855911255
0.5366383194923401
0.5981472730636597
0.6538957357406616
0.703346848487854
0.7460243105888367
0.7815171480178833
0.8094835877418518
0.8296541571617126
0.8418347835540771
0.845907986164093
0.8418347239494324
0.8296540379524231
0.8094834685325623
0.7815170884132385
0.7460242509841919
0.7033467888832092
0.6538956761360168
0.5981472134590149
0.5366383194923401
0.4699612557888031
0.3987582325935364
0.323714941740036
0.2455541044473648
0.16502845287322998
0.08291347324848175
0.08497951179742813
0.16914063692092896
0.2516728341579437
0.331781268119812
0.40869447588920593
0.4816717207431793
0.5500102043151855
0.6130518317222595
0.6701894402503967
0.7208727598190308
0.764613687992096
0.8009909391403198
0.8296541571617126
0.8503273725509644
0.8628114461898804
0.8669861555099487
0.8628113865852356
0.8503273129463196
0.8296540379524231
0.8009908199310303
0.7646135091781616
0.7208726406097412
0.670189380645752
0.6130517721176147
0.5500102043151855
0.4816717207431793
0.40869444608688354
0.3317812383174896
0.25167280435562134
0.16914062201976776
0.08497950434684753
0.08622714877128601
0.17162388563156128
0.25536784529685974
0.33665233850479126
0.41469472646713257
0.488743394613266
0.5580851435661316
0.6220523715019226
0.6800288558006287
0.7314562797546387
0.7758395075798035
0.8127507567405701
0.8418348431587219
0.8628115653991699
0.8754789233207703
0.8797149062156677
0.8754788637161255
0.8628113865852356
0.8418346643447876
0.8127506375312805
0.7758392691612244
0.7314562201499939
0.6800287961959839
0.6220523118972778
0.5580851435661316
0.4887433648109436
0.4146946966648102
0.33665233850479126
0.25536781549453735
0.17162387073040009
0.08622714877128601
0.08664436638355255
0.17245431244373322
0.256603479385376
0.3382812440395355
0.4167012572288513
0.4911082088947296
0.5607854723930359
0.6250621676445007
0.6833191514015198
0.7349954843521118
0.7795934081077576
0.816683292388916
0.8459081053733826
0.8669863343238831
0.8797149658203125
0.8839715123176575
0.8797149062156677
0.8669862151145935
0.8459080457687378
0.8166832327842712
0.779593288898468
0.734995424747467
0.6833191514015198
0.625062108039856
0.5607854127883911
0.4911081790924072
0.41670122742652893
0.3382812440395355
0.2566034197807312
0.17245429754257202
0.08664435893297195
0.08622714877128601
0.17162388563156128
0.25536784529685974
0.33665233850479126
0.41469472646713257
0.488743394613266
0.5580851435661316
0.6220523118972778
0.6800287961959839
0.7314562797546387
0.7758393883705139
0.8127507567405701
0.8418348431587219
0.8628115653991699
0.8754789233207703
0.8797149658203125
0.8754788637161255
0.8628115057945251
0.8418347835540771
0.8127506971359253
0.7758393287658691
0.7314562201499939
0.6800287365913391
0.6220523118972778
0.5580850839614868
0.4887433648109436
0.4146946966648102
0.33665233850479126
0.25536781549453735
0.17162388563156128
0.08622714132070541
0.08497951924800873
0.16914063692092896
0.2516728341579437
0.331781268119812
0.40869447588920593
0.4816717803478241
0.5500102639198303
0.6130518317222595
0.6701894402503967
0.720872700214386
0.7646135687828064
0.800990879535675
0.8296540975570679
0.8503274321556091
0.8628115057945251
0.8669862747192383
0.8628115057945251
0.8503273725509644
0.8296540975570679
0.800990879535675
0.7646135687828064
0.720872700214386
0.6701894402503967
0.6130517721176147
0.5500102043151855
0.4816717505455017
0.40869444608688354
0.331781268119812
0.25167280435562134
0.16914062201976776
0.08497951179742813
0.08291348814964294
0.16502846777439117
0.2455541342496872
0.3237150013446808
0.39875829219818115
0.46996134519577026
0.5366384387016296
0.5981473326683044
0.6538957357406616
0.703346848487854
0.7460242509841919
0.7815170884132385
0.8094834685325623
0.8296540975570679
0.8418347835540771
0.8459081053733826
0.8418348431587219
0.8296540975570679
0.809483528137207
0.7815171480178833
0.7460242509841919
0.703346848487854
0.6538956761360168
0.5981472134590149
0.5366383194923401
0.4699612557888031
0.3987582325935364
0.3237149715423584
0.2455541342496872
0.16502846777439117
0.08291348814964294
0.08004896342754364
0.15932698547840118
0.23707060515880585
0.31253111362457275
0.38498181104660034
0.4537249207496643
0.5180984139442444
0.5774822235107422
0.6313046216964722
0.679047167301178
0.7202502489089966
0.7545168399810791
0.7815170884132385
0.800990879535675
0.8127506971359253
0.816683292388916
0.8127506971359253
0.8009909391403198
0.7815171480178833
0.7545169591903687
0.7202502489089966
0.6790472269058228
0.6313046216964722
0.5774822235107422
0.5180983543395996
0.45372486114501953
0.38498175144195557
0.31253111362457275
0.23707062005996704
0.15932701528072357
0.08004897087812424
0.07641351222991943
0.1520911008119583
0.22630396485328674
0.2983373999595642
0.3674977123737335
0.4331188201904297
0.49456876516342163
0.5512557029724121
0.6026337146759033
0.6482080221176147
0.68753981590271
0.7202502489089966
0.7460242509841919
0.7646136283874512
0.7758393287658691
0.7795933485031128
0.7758393287658691
0.7646135687828064
0.7460243701934814
0.7202503085136414
0.6875399351119995
0.6482081413269043
0.6026337742805481
0.5512557029724121
0.49456876516342163
0.4331188201904297
0.3674977421760559
0.2983374297618866
0.22630399465560913
0.1520911157131195
0.07641351968050003
0.07204216718673706
0.1433905065059662
0.21335789561271667
0.2812705338001251
0.34647440910339355
0.40834158658981323
0.4662761986255646
0.5197203159332275
0.5681591033935547
0.6111263036727905
0.6482080221176147
0.6790472269058228
0.7033469080924988
0.7208727598190308
0.7314562797546387
0.7349954843521118
0.7314562797546387
0.7208727598190308
0.703346848487854
0.6790472269058228
0.6482081413269043
0.6111264228820801
0.5681591629981995
0.5197203159332275
0.4662761986255646
0.40834158658981323
0.34647446870803833
0.2812705636024475
0.21335792541503906
0.14339052140712738
0.07204217463731766
0.06697699427604675
0.13330896198749542
0.19835707545280457
0.2614949345588684
0.3221144378185272
0.37963181734085083
0.43349313735961914
0.48317965865135193
0.52821284532547
0.5681590437889099
0.6026337146759033
0.6313046216964722
0.6538957953453064
0.6701894998550415
0.6800288558006287
0.6833192110061646
0.6800287961959839
0.6701894402503967
0.6538957357406616
0.6313046216964722
0.6026338338851929
0.5681591629981995
0.5282129049301147
0.4831797182559967
0.43349316716194153
0.3796318471431732
0.322114497423172
0.2614949643611908
0.19835710525512695
0.1333089917898178
0.06697700172662735
0.06126681715250015
0.12194360047578812
0.18144600093364716
0.23920097947120667
0.2946523129940033
0.34726598858833313
0.39653530716896057
0.44198575615882874
0.48317965865135193
0.5197202563285828
0.5512557029724121
0.5774822235107422
0.5981473326683044
0.6130518913269043
0.6220523715019226
0.625062108039856
0.6220523715019226
0.6130518317222595
0.5981473326683044
0.5774822235107422
0.5512557625770569
0.5197203159332275
0.4831797182559967
0.4419858157634735
0.39653533697128296
0.3472660183906555
0.2946523427963257
0.23920099437236786
0.18144600093364716
0.12194360792636871
0.06126681715250015
0.054966606199741364
0.10940385609865189
0.16278748214244843
0.21460336446762085
0.2643525302410126
0.31155580282211304
0.3557586371898651
0.39653530716896057
0.43349310755729675
0.4662761688232422
0.49456873536109924
0.5180983543395996
0.5366383790969849
0.5500102639198303
0.5580851435661316
0.5607854723930359
0.5580852031707764
0.5500102639198303
0.5366383790969849
0.5180984139442444
0.494568794965744
0.4662761986255646
0.43349316716194153
0.39653533697128296
0.3557586669921875
0.3115558326244354
0.2643525302410126
0.21460337936878204
0.16278748214244843
0.10940385609865189
0.054966606199741364
0.04813703894615173
0.09581048786640167
0.14256121218204498
0.18793898820877075
0.2315068393945694
0.2728451192378998
0.31155577301979065
0.34726598858833313
0.37963181734085083
0.40834158658981323
0.4331188201904297
0.45372486114501953
0.4699613153934479
0.4816717803478241
0.488743394613266
0.4911082088947296
0.488743394613266
0.4816717803478241
0.4699613153934479
0.4537248909473419
0.4331188201904297
0.40834158658981323
0.3796318471431732
0.3472660183906555
0.31155580282211304
0.27284514904022217
0.2315068542957306
0.18793901801109314
0.14256121218204498
0.09581048786640167
0.04813703894615173
0.04084387794137001
0.08129440248012543
0.12096200883388519
0.15946468710899353
0.19643163681030273
0.2315068393945694
0.2643525004386902
0.2946523129940033
0.322114497423172
0.34647443890571594
0.3674977123737335
0.38498175144195557
0.3987582325935364
0.40869447588920593
0.41469472646713257
0.4167012572288513
0.41469472646713257
0.40869447588920593
0.39875826239585876
0.38498178124427795
0.3674977421760559
0.34647443890571594
0.322114497423172
0.2946523427963257
0.2643525302410126
0.2315068542957306
0.19643165171146393
0.15946468710899353
0.12096200883388519
0.08129440248012543
0.04084387421607971
0.03315736725926399
0.06599540263414383
0.09819786995649338
0.1294546276330948
0.15946467220783234
0.18793900310993195
0.21460337936878204
0.23920099437236786
0.2614949643611908
0.2812705338001251
0.2983373999595642
0.31253108382225037
0.3237149715423584
0.3317812383174896
0.33665233850479126
0.3382812738418579
0.33665236830711365
0.331781268119812
0.3237150013446808
0.31253111362457275
0.298337459564209
0.2812705934047699
0.2614949941635132
0.23920100927352905
0.21460337936878204
0.18793900310993195
0.15946471691131592
0.12945464253425598
0.09819788485765457
0.06599540263414383
0.033157363533973694
0.025151530280709267
0.05006083473563194
0.07448802888393402
0.09819786995649338
0.120961993932724
0.14256121218204498
0.16278748214244843
0.18144600093364716
0.19835710525512695
0.21335789561271667
0.22630396485328674
0.23707059025764465
0.245554119348526
0.2516728341579437
0.25536778569221497
0.2566034495830536
0.25536781549453735
0.2516728341579437
0.2455541342496872
0.23707062005996704
0.22630400955677032
0.21335794031620026
0.19835712015628815
0.18144601583480835
0.16278748214244843
0.14256121218204498
0.12096201628446579
0.09819788485765457
0.07448804378509521
0.05006084218621254
0.025151530280709267
0.016903474926948547
0.03364415839314461
0.05006083473563194
0.06599539518356323
0.08129438757896423
0.09581048041582108
0.10940385609865189
0.12194360047578812
0.13330896198749542
0.143390491604805
0.1520911008119583
0.15932698547840118
0.16502845287322998
0.16914062201976776
0.17162387073040009
0.17245429754257202
0.17162387073040009
0.16914062201976776
0.16502846777439117
0.15932700037956238
0.1520911157131195
0.14339052140712738
0.13330897688865662
0.12194360792636871
0.10940385609865189
0.09581048786640167
0.08129440248012543
0.06599541008472443
0.05006084218621254
0.033644165843725204
0.016903476789593697
0.00849263183772564
0.016903474926948547
0.025151528418064117
0.033157359808683395
0.04084387049078941
0.048137035220861435
0.054966606199741364
0.06126681715250015
0.06697699427604675
0.07204215973615646
0.07641350477933884
0.08004896342754364
0.08291348069906235
0.08497951179742813
0.08622714132070541
0.08664435148239136
0.08622714132070541
0.08497951179742813
0.08291348814964294
0.08004897087812424
0.07641351222991943
0.07204215973615646
0.06697699427604675
0.06126681715250015
0.054966606199741364
0.048137035220861435
0.04084387421607971
0.03315736725926399
0.025151534005999565
0.016903478652238846
0.008492633700370789
