0.009516687132418156
0.018941719084978104
0.02818433940410614
0.037155523896217346
0.04576887562870979
0.053941454738378525
0.061594557017087936
0.06865445524454117
0.07505317032337189
0.08072908967733383
0.08562754839658737
0.08970136195421219
0.09291130304336548
0.0952264592051506
0.09662453830242157
0.09709205478429794
0.09662454575300217
0.09522645175457001
0.09291130304336548
0.08970136195421219
0.08562754839658737
0.08072909712791443
0.07505317032337189
0.06865445524454117
0.061594557017087936
0.05394145846366882
0.045768871903419495
0.037155523896217346
0.02818433754146099
0.018941719084978104
0.009516687132418156
0.018941719084978104
0.03770102933049202
0.05609724298119545
0.07395321875810623
0.09109698981046677
0.10736342519521713
0.12259592115879059
0.13664773106575012
0.149383544921875
0.16068074107170105
0.1704304814338684
0.17853885889053345
0.184927836060524
0.18953585624694824
0.19231852889060974
0.19324906170368195
0.19231852889060974
0.18953585624694824
0.184927836060524
0.17853884398937225
0.1704304814338684
0.16068074107170105
0.149383544921875
0.13664773106575012
0.12259591370820999
0.10736343264579773
0.09109698981046677
0.07395321875810623
0.05609724298119545
0.03770102560520172
0.018941719084978104
0.02818433940410614
0.05609724298119545
0.08346989750862122
0.11003871262073517
0.13554775714874268
0.15975144505500793
0.1824166178703308
0.20332500338554382
0.2222752869129181
0.23908491432666779
0.25359204411506653
0.2656569480895996
0.2751633822917938
0.28201988339424133
0.286160409450531
0.28754499554634094
0.2861603796482086
0.28201988339424133
0.2751633822917938
0.2656569480895996
0.25359201431274414
0.23908492922782898
0.2222752869129181
0.20332500338554382
0.1824166178703308
0.15975144505500793
0.13554777204990387
0.11003872007131577
0.08346990495920181
0.05609724298119545
0.02818433754146099
0.037155523896217346
0.07395321875810623
0.11003871262073517
0.14506445825099945
0.17869314551353455
0.21060095727443695
0.24048051238059998
0.2680441439151764
0.2930263578891754
0.31518658995628357
0.3343113660812378
0.3502165973186493
0.36274898052215576
0.371787965297699
0.37724632024765015
0.3790717124938965
0.37724632024765015
0.371787965297699
0.36274898052215576
0.3502165675163269
0.3343113660812378
0.31518658995628357
0.2930263876914978
0.2680441737174988
0.24048051238059998
0.21060095727443695
0.17869316041469574
0.14506445825099945
0.11003871262073517
0.07395321875810623
0.037155523896217346
0.04576887562870979
0.09109698981046677
0.13554775714874268
0.17869314551353455
0.22011762857437134
0.259422242641449
0.2962284982204437
0.33018189668655396
0.36095547676086426
0.388252854347229
0.41181114315986633
0.4314034581184387
0.4468410611152649
0.45797547698020935
0.46469926834106445
0.4669477045536041
0.46469926834106445
0.45797547698020935
0.4468410909175873
0.4314034581184387
0.41181114315986633
0.3882528245449066
0.36095547676086426
0.33018189668655396
0.2962284982204437
0.259422242641449
0.22011762857437134
0.17869316041469574
0.13554775714874268
0.09109698981046677
0.04576887935400009
0.053941454738378525
0.10736342519521713
0.15975144505500793
0.21060095727443695
0.259422242641449
0.3057451844215393
0.34912362694740295
0.3891398012638092
0.42540836334228516
0.45758000016212463
0.48534491658210754
0.5084356665611267
0.5266299247741699
0.5397524237632751
0.5476768016815186
0.5503267645835876
0.5476768612861633
0.5397524237632751
0.5266299247741699
0.5084356665611267
0.48534491658210754
0.457580029964447
0.42540836334228516
0.3891398012638092
0.34912362694740295
0.3057451844215393
0.25942227244377136
0.21060095727443695
0.15975143015384674
0.10736343264579773
0.05394145846366882
0.061594557017087936
0.12259592115879059
0.1824166178703308
0.24048051238059998
0.2962284982204437
0.34912362694740295
0.3986564576625824
0.44435009360313416
0.4857643246650696
0.5225003957748413
0.5542045831680298
0.5805713534355164
0.6013469696044922
0.6163312792778015
0.6253799796104431
0.6284059286117554
0.6253799200057983
0.6163313388824463
0.6013469696044922
0.5805714130401611
0.5542045831680298
0.5225003957748413
0.48576438426971436
0.44435009360313416
0.3986564576625824
0.34912362694740295
0.2962284982204437
0.24048051238059998
0.1824166178703308
0.12259591370820999
0.061594557017087936
0.06865445524454117
0.13664773106575012
0.20332501828670502
0.2680441439151764
0.33018189668655396
0.3891398012638092
0.44435009360313416
0.49528101086616516
0.5414421558380127
0.5823889374732971
0.6177268624305725
0.6471158266067505
0.6702728271484375
0.6869744658470154
0.6970603466033936
0.7004331350326538
0.6970604062080383
0.6869744658470154
0.6702727675437927
0.6471158266067505
0.6177268624305725
0.5823889374732971
0.5414420962333679
0.4952809810638428
0.44435009360313416
0.3891398012638092
0.33018189668655396
0.2680441439151764
0.20332500338554382
0.13664773106575012
0.06865445524454117
0.07505317032337189
0.149383544921875
0.22227530181407928
0.2930263578891754
0.36095547676086426
0.42540836334228516
0.4857643246650696
0.5414421558380127
0.5919055938720703
0.6366686224937439
0.6753001809120178
0.7074282765388489
0.7327433824539185
0.7510018348693848
0.7620276808738708
0.7657147645950317
0.7620276212692261
0.7510018348693848
0.7327433824539185
0.7074282169342041
0.6753001809120178
0.6366685628890991
0.5919055342674255
0.5414420962333679
0.48576435446739197
0.42540836334228516
0.36095547676086426
0.2930263578891754
0.2222752869129181
0.149383544921875
0.07505317777395248
0.08072908967733383
0.16068074107170105
0.23908491432666779
0.31518658995628357
0.388252854347229
0.45758000016212463
0.5225003957748413
0.5823889374732971
0.6366686224937439
0.6848168969154358
0.7263699769973755
0.7609277367591858
0.7881573438644409
0.8077965378761292
0.8196563124656677
0.8236222267150879
0.8196563124656677
0.8077965378761292
0.7881573438644409
0.7609277367591858
0.7263699769973755
0.6848168969154358
0.6366685628890991
0.5823888778686523
0.5225003957748413
0.457580029964447
0.3882528245449066
0.31518658995628357
0.23908492922782898
0.16068072617053986
0.08072909712791443
0.08562754839658737
0.17043046653270721
0.25359204411506653
0.3343113660812378
0.41181114315986633
0.48534491658210754
0.5542045831680298
0.6177268624305725
0.6753001809120178
0.7263699769973755
0.770444393157959
0.8070990443229675
0.8359808921813965
0.8568118214607239
0.869391143321991
0.8735976815223694
0.8693910837173462
0.8568118214607239
0.8359808921813965
0.8070990443229675
0.770444393157959
0.7263699769973755
0.6753001809120178
0.6177268624305725
0.5542045831680298
0.48534488677978516
0.41181114315986633
0.3343113660812378
0.25359204411506653
0.17043046653270721
0.08562755584716797
0.08970136940479279
0.17853885889053345
0.2656569480895996
0.3502165973186493
0.4314034581184387
0.5084356665611267
0.5805713534355164
0.6471158266067505
0.7074282765388489
0.7609277367591858
0.8070990443229675
0.8454975485801697
0.8757535815238953
0.8975754976272583
0.9107532501220703
0.9151600003242493
0.9107532501220703
0.8975754380226135
0.8757535219192505
0.8454976081848145
0.8070991039276123
0.7609277367591858
0.7074282169342041
0.6471158266067505
0.5805713534355164
0.5084356665611267
0.4314034581184387
0.3502165973186493
0.2656569480895996
0.17853884398937225
0.08970137685537338
0.09291130304336548
0.18492785096168518
0.2751633822917938
0.36274898052215576
0.4468410611152649
0.5266299247741699
0.6013469696044922
0.6702728271484375
0.7327433824539185
0.7881573438644409
0.8359808921813965
0.8757535815238953
0.9070920944213867
0.9296949505805969
0.9433444142341614
0.9479086995124817
0.9433443546295166
0.9296950101852417
0.9070920944213867
0.8757535815238953
0.8359809517860413
0.7881573438644409
0.7327433824539185
0.6702727675437927
0.6013469696044922
0.5266299247741699
0.4468410909175873
0.36274901032447815
0.2751633822917938
0.18492785096168518
0.09291130304336548
0.0952264592051506
0.18953585624694824
0.28201988339424133
0.371787965297699
0.45797547698020935
0.5397524237632751
0.6163312792778015
0.6869744658470154
0.7510018348693848
0.8077965378761292
0.8568118214607239
0.8975754976272583
0.9296949505805969
0.9528610110282898
0.9668504595756531
0.9715287685394287
0.9668505191802979
0.9528610110282898
0.9296950101852417
0.8975754380226135
0.8568118214607239
0.8077965378761292
0.7510018348693848
0.6869744658470154
0.6163313388824463
0.5397524237632751
0.45797544717788696
0.371787965297699
0.28201988339424133
0.18953585624694824
0.0952264666557312
0.09662453830242157
0.19231852889060974
0.286160409450531
0.37724632024765015
0.46469926834106445
0.5476768016815186
0.6253799796104431
0.6970603466033936
0.7620276808738708
0.8196563124656677
0.869391143321991
0.9107532501220703
0.9433444142341614
0.9668504595756531
0.9810453653335571
0.9857922196388245
0.9810453653335571
0.9668504595756531
0.9433443546295166
0.9107532501220703
0.869391143321991
0.819656252861023
0.7620276212692261
0.6970604062080383
0.6253799200057983
0.5476768612861633
0.46469926834106445
0.37724632024765015
0.286160409450531
0.19231852889060974
0.09662454575300217
0.09709205478429794
0.19324906170368195
0.28754499554634094
0.3790717124938965
0.4669477045536041
0.5503267645835876
0.6284059286117554
0.7004331350326538
0.7657147645950317
0.8236222267150879
0.8735976815223694
0.9151600003242493
0.9479086995124817
0.9715287685394287
0.9857921600341797
0.9905619621276855
0.9857922196388245
0.9715287089347839
0.9479086995124817
0.915160059928894
0.8735976815223694
0.8236222267150879
0.7657148241996765
0.7004331350326538
0.6284059882164001
0.5503267645835876
0.4669477045536041
0.3790717124938965
0.28754499554634094
0.19324906170368195
0.09709206968545914
0.09662454575300217
0.19231852889060974
0.2861603796482086
0.37724632024765015
0.46469926834106445
0.5476768612861633
0.6253799200057983
0.6970604062080383
0.7620276212692261
0.8196563124656677
0.8693910837173462
0.9107532501220703
0.9433443546295166
0.9668504595756531
0.9810453653335571
0.9857922196388245
0.9810453653335571
0.9668504595756531
0.9433444142341614
0.9107532501220703
0.8693910837173462
0.819656252861023
0.7620276808738708
0.6970603466033936
0.6253799796104431
0.5476768016815186
0.46469926834106445
0.37724632024765015
0.286160409450531
0.19231852889060974
0.09662453830242157
0.0952264592051506
0.18953585624694824
0.28201988339424133
0.371787965297699
0.45797547698020935
0.5397524237632751
0.6163313388824463
0.6869744658470154
0.7510018348693848
0.8077965378761292
0.8568118214607239
0.8975754380226135
0.9296950101852417
0.9528610110282898
0.9668504595756531
0.9715287089347839
0.9668504595756531
0.9528610110282898
0.9296949505805969
0.8975754976272583
0.8568118214607239
0.8077965378761292
0.7510018944740295
0.6869744658470154
0.6163312792778015
0.5397524237632751
0.4579754173755646
0.371787965297699
0.28201985359191895
0.18953585624694824
0.0952264666557312
0.09291130304336548
0.18492785096168518
0.2751633822917938
0.36274898052215576
0.4468410909175873
0.5266299247741699
0.6013469696044922
0.6702727675437927
0.7327433824539185
0.7881573438644409
0.8359808921813965
0.8757535219192505
0.9070920944213867
0.9296950101852417
0.9433443546295166
0.9479086995124817
0.9433444142341614
0.9296949505805969
0.9070920944213867
0.8757535219192505
0.8359809517860413
0.7881573438644409
0.7327433824539185
0.6702727675437927
0.6013469696044922
0.5266299247741699
0.4468410909175873
0.36274898052215576
0.2751633822917938
0.184927836060524
0.09291130304336548
0.08970136940479279
0.17853884398937225
0.2656569480895996
0.3502165675163269
0.4314034581184387
0.5084356665611267
0.5805714130401611
0.6471158266067505
0.7074282169342041
0.7609277367591858
0.8070990443229675
0.8454976081848145
0.8757535815238953
0.8975754380226135
0.9107532501220703
0.915160059928894
0.9107532501220703
0.8975754976272583
0.8757535219192505
0.8454975485801697
0.8070991039276123
0.7609277367591858
0.7074282765388489
0.6471158266067505
0.5805714130401611
0.5084356665611267
0.4314034581184387
0.3502165675163269
0.2656569480895996
0.17853884398937225
0.08970137685537338
0.08562754839658737
0.17043046653270721
0.25359201431274414
0.3343113660812378
0.41181114315986633
0.48534491658210754
0.5542045831680298
0.6177268624305725
0.6753001809120178
0.7263699769973755
0.770444393157959
0.8070991039276123
0.8359809517860413
0.8568118214607239
0.869391143321991
0.8735976815223694
0.8693910837173462
0.8568118214607239
0.8359809517860413
0.8070991039276123
0.770444393157959
0.7263699769973755
0.6753001809120178
0.6177268624305725
0.5542045831680298
0.48534488677978516
0.41181114315986633
0.3343113660812378
0.25359204411506653
0.17043045163154602
0.08562755584716797
0.08072909712791443
0.16068074107170105
0.23908492922782898
0.31518658995628357
0.3882528245449066
0.457580029964447
0.5225003957748413
0.5823889374732971
0.6366685628890991
0.6848168969154358
0.7263699769973755
0.7609277367591858
0.7881573438644409
0.8077965378761292
0.819656252861023
0.8236222267150879
0.819656252861023
0.8077965378761292
0.7881573438644409
0.7609277367591858
0.7263699769973755
0.6848168969154358
0.6366685628890991
0.5823888778686523
0.5225003957748413
0.457580029964447
0.388252854347229
0.31518658995628357
0.23908492922782898
0.16068072617053986
0.08072910457849503
0.07505317032337189
0.149383544921875
0.22227530181407928
0.2930263876914978
0.36095547676086426
0.42540836334228516
0.48576438426971436
0.5414420962333679
0.5919055342674255
0.6366685628890991
0.6753001809120178
0.7074282169342041
0.7327433824539185
0.7510018348693848
0.7620276212692261
0.7657148241996765
0.7620276808738708
0.7510018944740295
0.7327433824539185
0.7074282765388489
0.6753001809120178
0.6366685628890991
0.5919055938720703
0.5414421558380127
0.48576438426971436
0.42540836334228516
0.36095547676086426
0.2930263876914978
0.2222752869129181
0.149383544921875
0.07505317777395248
0.06865445524454117
0.13664773106575012
0.20332501828670502
0.2680441737174988
0.33018189668655396
0.3891398012638092
0.44435009360313416
0.4952809810638428
0.5414420962333679
0.5823888778686523
0.6177268624305725
0.6471158266067505
0.6702727675437927
0.6869744658470154
0.6970604062080383
0.7004331350326538
0.6970603466033936
0.6869744658470154
0.6702727675437927
0.6471158266067505
0.6177268624305725
0.5823888778686523
0.5414421558380127
0.49528101086616516
0.44435009360313416
0.3891398012638092
0.33018189668655396
0.2680441439151764
0.20332500338554382
0.13664773106575012
0.06865445524454117
0.061594557017087936
0.12259591370820999
0.1824166178703308
0.24048052728176117
0.2962284982204437
0.34912362694740295
0.3986564576625824
0.44435009360313416
0.48576435446739197
0.5225003957748413
0.5542045831680298
0.5805713534355164
0.6013469696044922
0.6163313388824463
0.6253799200057983
0.6284059882164001
0.6253799796104431
0.6163312792778015
0.6013469696044922
0.5805714130401611
0.5542045831680298
0.5225003957748413
0.48576438426971436
0.44435009360313416
0.3986564576625824
0.34912362694740295
0.2962284982204437
0.24048052728176117
0.18241660296916962
0.1225959062576294
0.061594557017087936
0.05394145846366882
0.10736343264579773
0.15975144505500793
0.21060095727443695
0.259422242641449
0.3057451844215393
0.34912362694740295
0.3891398012638092
0.42540836334228516
0.457580029964447
0.48534488677978516
0.5084356665611267
0.5266299247741699
0.5397524237632751
0.5476768612861633
0.5503267645835876
0.5476768016815186
0.5397524237632751
0.5266299247741699
0.5084356665611267
0.48534488677978516
0.457580029964447
0.42540836334228516
0.3891398012638092
0.34912362694740295
0.3057451844215393
0.259422242641449
0.21060095727443695
0.15975143015384674
0.10736343264579773
0.05394146218895912
0.04576887562870979
0.09109698981046677
0.13554777204990387
0.17869316041469574
0.22011762857437134
0.25942227244377136
0.2962284982204437
0.33018189668655396
0.36095547676086426
0.3882528245449066
0.41181114315986633
0.4314034581184387
0.4468410909175873
0.45797544717788696
0.46469926834106445
0.4669477045536041
0.46469926834106445
0.4579754173755646
0.4468410909175873
0.4314034581184387
0.41181114315986633
0.388252854347229
0.36095547676086426
0.33018189668655396
0.2962284982204437
0.259422242641449
0.22011762857437134
0.17869314551353455
0.13554777204990387
0.09109698981046677
0.04576887562870979
0.037155523896217346
0.07395321875810623
0.11003871262073517
0.14506445825099945
0.17869316041469574
0.21060095727443695
0.24048052728176117
0.2680441737174988
0.2930263876914978
0.31518658995628357
0.3343113660812378
0.3502165973186493
0.36274901032447815
0.371787965297699
0.37724632024765015
0.3790717124938965
0.37724632024765015
0.371787965297699
0.36274898052215576
0.3502165675163269
0.3343113660812378
0.31518658995628357
0.2930263876914978
0.2680441439151764
0.24048052728176117
0.21060095727443695
0.17869314551353455
0.14506444334983826
0.11003870517015457
0.07395321875810623
0.037155523896217346
0.02818433754146099
0.05609724298119545
0.08346990495920181
0.11003871262073517
0.13554777204990387
0.15975143015384674
0.1824166178703308
0.20332500338554382
0.2222752869129181
0.23908492922782898
0.25359204411506653
0.2656569480895996
0.2751633822917938
0.28201988339424133
0.2861603796482086
0.28754499554634094
0.286160409450531
0.28201985359191895
0.2751633822917938
0.2656569480895996
0.25359204411506653
0.23908492922782898
0.2222752869129181
0.20332500338554382
0.18241660296916962
0.15975143015384674
0.13554777204990387
0.11003870517015457
0.08346990495920181
0.05609724298119545
0.02818433940410614
0.018941719084978104
0.03770102560520172
0.05609724298119545
0.07395321875810623
0.09109698981046677
0.10736343264579773
0.12259591370820999
0.13664773106575012
0.149383544921875
0.16068072617053986
0.1704304814338684
0.17853884398937225
0.18492785096168518
0.18953585624694824
0.19231852889060974
0.19324906170368195
0.19231852889060974
0.18953585624694824
0.184927836060524
0.17853885889053345
0.17043046653270721
0.16068072617053986
0.149383544921875
0.13664773106575012
0.1225959062576294
0.10736343264579773
0.09109698981046677
0.07395321875810623
0.05609724298119545
0.03770102560520172
0.018941719084978104
0.009516687132418156
0.018941719084978104
0.02818433754146099
0.037155523896217346
0.04576887935400009
0.05394145846366882
0.061594557017087936
0.06865445524454117
0.07505317777395248
0.08072909712791443
0.08562755584716797
0.08970137685537338
0.09291130304336548
0.0952264666557312
0.09662454575300217
0.09709206968545914
0.09662453830242157
0.0952264666557312
0.09291130304336548
0.08970137685537338
0.08562755584716797
0.08072910457849503
0.07505317777395248
0.06865445524454117
0.061594557017087936
0.05394146218895912
0.04576887562870979
0.037155523896217346
0.02818433940410614
0.018941719084978104
0.009516687132418156
