2.04922172424732e+00      8.87720941549560e-01
2.25716216300187e+00      7.73554197311745e-01
-9.62218162261652e-02     -9.60734044546645e-02
1.06487337210671e+00      8.74727569387740e-01
3.03422211493455e+00      1.07164355203896e-01
-6.40231169445423e-01     -5.97380845435410e-01
-1.94261858427806e+00     -9.31666841590725e-01
-1.64206224903143e+00     -9.97461658754083e-01
-1.76894944760572e+00     -9.80431824400410e-01
2.96611672990897e+00      1.74576772536863e-01
-2.99865431659930e+00     -1.42452096352744e-01
-1.42141142346196e-01     -1.41662986558684e-01
-1.15161177514628e+00     -9.13421144282690e-01
1.03222739184763e+00      8.58443564891809e-01
-2.09964628625158e+00     -8.63387883653646e-01
2.01929365390555e+00      9.01099696406400e-01
-2.63049804416151e+00     -4.89132268599098e-01
-2.98714925045003e+00     -1.53830151290145e-01
2.67837585128567e+00      4.46828228788127e-01
1.28987845403166e-01      1.28630462459993e-01
-1.11956593559631e-01     -1.11722857566365e-01
-2.60110609258480e+00     -5.14553258375952e-01
6.89274588776527e-02      6.88728928440712e-02
-1.66415616679600e+00     -9.95645134622013e-01
-9.84640006240310e-01     -8.33073009164652e-01
3.12670986680320e+00      1.48822373763954e-02
-2.07991896694021e+00     -8.73172478807169e-01
-1.35646010799426e+00     -9.77117794977733e-01
2.87037424942672e+00      2.67905500888130e-01
-1.53821727806034e+00     -9.99469349730036e-01
1.56512313644352e+00      9.99983907498780e-01
2.37398215517016e+00      6.94417804213278e-01
1.36314266759191e+00      9.78517340059943e-01
-9.20723321205956e-01     -7.96039614437635e-01
2.57921210354375e+00      5.33201624089117e-01
1.02699722508831e+00      8.55749241417345e-01
-2.28210459697676e+00     -7.57508452552658e-01
-1.75128262489933e+00     -9.83756514716806e-01
-7.28688052535986e-01     -6.65891431706768e-01
-2.55390692595993e+00     -5.54436511680230e-01
-9.78290723766883e-01     -8.29544052354344e-01
-2.41826869776323e+00     -6.61879993741041e-01
3.46910473459840e-02      3.46840894993516e-02
-6.84274971901021e-01     -6.32111369708794e-01
-2.34541147232542e+00     -7.14690270000741e-01
1.97464563360649e+00      9.19555183280089e-01
1.19852801586145e+00      9.31504691551029e-01
-1.41882940464156e+00     -9.88475232282622e-01
-2.96953298366899e+00     -1.71211968074576e-01
-6.85868781054225e-01     -6.33345573263277e-01
1.36809824512557e+00      9.79526985145845e-01
1.66075918979127e+00      9.95956070145213e-01
2.79235592076748e+00      3.42180715283593e-01
-2.66339879221185e+00     -4.60176387431692e-01
-5.66163179610701e-01     -5.36397861823869e-01
2.30862386912771e+00      7.39931676893644e-01
-3.93180341215181e-01     -3.83128013848215e-01
1.50870873758683e+00      9.98073184720817e-01
1.54015779628158e+00      9.99530676939277e-01
6.46889433571328e-01      6.02707210415560e-01
2.85257601866685e+00      2.85009783435352e-01
-7.40010892784557e-02     -7.39335674533059e-02
1.15697728906781e+00      9.15591834337125e-01
4.11309796398187e-01      3.99810227271005e-01
-2.85838528621871e+00     -2.79436679671328e-01
-2.19004411768028e-01     -2.17257923071063e-01
-1.69487595147072e+00     -9.92311994520588e-01
2.54729063017829e+00      5.59930589749803e-01
-1.84228337336955e+00     -9.63373188846076e-01
-1.13672161845842e+00     -9.07259581559988e-01
-5.05240325233629e-01     -4.84017752860525e-01
3.81537570725065e-01      3.72347917956575e-01
2.69037998988197e-01      2.65804164831631e-01
-1.42810872224551e+00     -9.89837383683422e-01
-1.76426690757399e-01     -1.75512860174746e-01
1.56518454423523e+00      9.99984253989574e-01
2.36341289604124e+00      7.01984219832392e-01
-4.84553760046924e-01     -4.65813535735940e-01
1.29174158146948e+00      9.61316235385963e-01
8.51985566112129e-01      7.52589363497487e-01
5.70929550453260e-01      5.40414404916022e-01
2.90659043834029e+00      2.32845139873755e-01
8.79961982433398e-01      7.70714655405927e-01
2.16139520904551e+00      8.30607335365961e-01
1.78764373981246e+00      9.76580586436831e-01
1.86452060516886e+00      9.57172266753550e-01
1.65765310614490e+00      9.96230320737827e-01
-2.00200192436550e+00     -9.08462510794867e-01
-1.55535906967917e+00     -9.99880847912650e-01
9.07202282350849e-01      7.87783564805206e-01
2.93733359343411e+00      2.02841678799357e-01
6.59916656533749e-01      6.13051009153230e-01
2.56079913359679e+00      5.48687514020130e-01
2.90192942394671e+00      2.37375495117410e-01
1.23417574264084e+00      9.43876271609995e-01
-3.60771417337987e-01     -3.52996095423337e-01
-3.06695868333737e+00     -7.45647014900555e-02
2.33855327248863e+00      7.19470331437752e-01
-8.29065537161755e-01     -7.37300402695039e-01
-1.12228043870202e+00     -9.01091647987187e-01
8.87508744919514e-02      8.86344094385242e-02
-7.12500007664230e-02     -7.11897318847618e-02
8.75976916061202e-01      7.68169336004048e-01
-1.00423034016553e+00     -8.43749111158957e-01
1.48090332882002e+00      9.95962344497208e-01
1.79178382293781e+00      9.75681472632076e-01
-7.13195491006511e-01     -6.54253777464227e-01
1.57778788568976e-01      1.57124974870212e-01
-9.94903063311578e-01     -8.38706179921789e-01
2.73709165486054e+00      3.93560078069902e-01
1.30944191834152e+00      9.66040899784780e-01
-2.55628657451458e+00     -5.52454538284253e-01
2.97348913832906e+00      1.67312899472613e-01
1.93388690988230e+00      9.34803622922578e-01
1.49117129372531e+00      9.96831601594151e-01
-2.90803925328188e+00     -2.31435903426894e-01
1.75720490152816e+00      9.82676173163229e-01
3.93961515219835e-01      3.83849463597995e-01
1.06751646999159e+00      8.76005397319450e-01
1.98173205651812e+00      9.16747430763952e-01
3.01164821643336e+00      1.29579048421230e-01
-2.76829929609061e+00     -3.64683952594261e-01
-2.36124629845231e+00     -7.03525605568324e-01
7.20330861542950e-01      6.59633379479268e-01
2.36683625970809e+00      6.99542017251435e-01
1.27667464357559e+00      9.57057134919487e-01
-2.78498309222148e+00     -3.49099113900718e-01
1.59727406548046e+00      9.99649485155740e-01
-2.32139466013416e+00     -7.31280890729379e-01
-1.40470926182495e+00     -9.86239219595980e-01
-8.85794167305837e-01     -7.74417680839687e-01
2.03123187127418e+00      8.95859053394434e-01
9.33812380570010e-01      8.03893280557443e-01
2.44127448717281e+00      6.44461001724832e-01
-2.26387457547535e+00     -7.69282944338080e-01
-1.88202051571224e+00     -9.51959406975327e-01
-9.72607200838748e-01     -8.26356757503320e-01
-2.36492270131748e+00     -7.00908148158215e-01
2.78456409379201e+00      3.49491720726547e-01
2.71364237519094e+00      4.15006801290442e-01
2.50851065335967e+00      5.91632296906398e-01
-2.94147584208033e+00     -1.98783812495718e-01
1.35684928678888e+00      9.77200498873266e-01
-1.94003129088510e+00     -9.32603721533805e-01
7.61408713621547e-01      6.89941847561292e-01
1.02295929674415e+00      8.53653083705792e-01
-9.00667272437945e-01     -7.83741518406553e-01
6.78114269363403e-01      6.27325614202168e-01
1.87605600159452e+00      9.53768941839074e-01
2.69280522144238e-01      2.66037955894146e-01
-4.07430084683772e-01     -3.96251091429503e-01
-3.06825546670946e-01     -3.02033965989457e-01
-2.83382504265050e+00     -3.02931899026878e-01
-2.42831802603164e+00     -6.54313624417320e-01
1.52755073849428e+00      9.99065055269542e-01
5.74637935834993e-01      5.43530913584249e-01
-1.58034228320866e+00     -9.99954437704065e-01
2.85762202316360e+00      2.80169456005907e-01
2.01312815868990e+00      9.03755985124755e-01
-1.78293678456154e+00     -9.77582475000670e-01
-2.20756831469399e+00     -8.04019329707548e-01
5.49429968919666e-01      5.22201178562858e-01
-1.01857578141893e-01     -1.01681541330014e-01
-7.81486918323195e-01     -7.04335711727502e-01
3.44643371694508e-01      3.37861041604342e-01
1.33365503150823e+00      9.72013526567218e-01
-1.05923900205848e+00     -8.71983199134621e-01
1.07406864275320e+00      8.79146692335769e-01
-2.68020927145865e+00     -4.45187264781875e-01
2.97021969383571e+00      1.70535357405174e-01
2.38889922015256e+00      6.83607040404361e-01
2.72972401636601e+00      4.00322397162457e-01
-2.69590421263526e+00     -4.31079172391922e-01
-2.78713718045010e+00     -3.47079740030463e-01
-2.76936892373171e+00     -3.63687780323034e-01
-2.12433586293096e+00     -8.50669115245134e-01
-2.48348547614425e+00     -6.11620439422489e-01
-2.35523430914596e+00     -7.07785405653597e-01
1.84810053886173e+00      9.61796941507282e-01
-2.65442404585623e+00     -4.68125774625476e-01
-1.82993659958221e-01     -1.81974060263873e-01
-1.32424105466925e-01     -1.32037409989406e-01
-3.50208046825033e-01     -3.43093233543566e-01
-4.10648732391081e-01     -3.99204210048881e-01
2.44036509199639e+00      6.45156092507849e-01
1.18760517637907e+00      9.27476246078526e-01
2.32814894561971e+00      7.26657306224277e-01
-7.21675820650280e-01     -6.60643637048210e-01
1.69573531640617e+00      9.92205271836660e-01
4.51124057475584e-01      4.35977413404274e-01
-2.83790573540808e+00     -2.99040437598049e-01
-2.88706699074809e+00     -2.51786381616659e-01
-4.07467010969662e-02     -4.07354267847568e-02
2.47054683497473e+00      6.21805382578685e-01
-1.26186658873237e+00     -9.52659517040420e-01
1.85398458631018e+00      9.60169461717831e-01
-2.62550864022769e+00     -4.93477968406134e-01
8.55552798569819e-01      7.54933557476534e-01
-1.85908357950993e+00     -9.58732233664997e-01
-1.79406681202285e+00     -9.75178514713511e-01
1.94776110944297e-01      1.93546884271521e-01
2.99000283006435e+00      1.51009914477070e-01
-1.64452872487146e+00     -9.97282997979146e-01
1.16100226769503e+00      9.17202893331527e-01
1.23428258021541e+00      9.43911554592129e-01
-6.75335262064889e-01     -6.25159023027874e-01
1.82930081427321e+00      9.66773364482363e-01
-1.07549122749236e+00     -8.79823737056769e-01
7.26832972128801e-01      6.64506306477428e-01
-1.43953705586043e+00     -9.91397863058898e-01
-2.08770714448513e+00     -8.69349989751732e-01
-2.30054326870223e+00     -7.45343135241075e-01
-8.06166267918538e-01     -7.21638505983266e-01
3.11936568338916e+00      2.22251400837647e-02
-2.47821125384251e+00     -6.15784621270785e-01
1.94414235021927e+00      9.31112155053554e-01
9.74573066589604e-01      8.27462231350134e-01
7.89190576921921e-01      7.09783331138387e-01
-1.14038546163675e-01     -1.13791532278907e-01
1.15646512884272e+00      9.15385770061624e-01
-4.72232778739412e-01     -4.54875829556933e-01
-1.07326489457883e+00     -8.78763381211012e-01
-5.09074193152925e-01     -4.87369044944591e-01
-8.63746801481581e-01     -7.60281791359710e-01
1.04531756755013e-01      1.04341492931625e-01
-1.89751929279850e+00     -9.47099161901094e-01
-2.07394244122228e+00     -8.76069893606450e-01
3.16622809738023e-01      3.11359024220426e-01
-2.75349570330517e+00     -3.78427579817837e-01
2.63785485006886e+00      4.82702413090650e-01
-2.20594896851675e+00     -8.04981143457775e-01
1.16741458226117e+00      9.19738816450478e-01
-2.60119343542465e+00     -5.14478363559770e-01
-2.23999727037035e+00     -7.84317618438945e-01
2.34164118563801e+00      7.17322277451111e-01
7.58816513346618e-01      6.88063129100565e-01
-7.14475385000952e-01     -6.55221193255487e-01
-1.80808240280862e+00     -9.71979503783477e-01
1.35481107544687e+00      9.76765719214208e-01
-2.10630959535492e+00     -8.60006830593531e-01
-6.97657311549246e-01     -6.42424134124373e-01
2.68907895219950e+00      4.37227612654141e-01
2.93280134377623e+00      2.07277611492432e-01
9.51967199578958e-01      8.14558216872690e-01
-1.76469058941354e+00     -9.81261324665445e-01
-4.21018170896589e-01     -4.08689922127066e-01
1.08908919195810e+00      8.86205311356225e-01
-1.64188829294489e-02     -1.64181452397577e-02
8.20261362791967e-01      7.31324111991870e-01
-1.73120542233648e+00     -9.87162024398662e-01
1.58294429772394e-02      1.58287819182632e-02
2.79654082023627e+00      3.38245455890082e-01
-1.57885371711104e+00     -9.99967539406263e-01
1.48356455573156e+00      9.96197721058903e-01
1.81156437725920e+00      9.71155120760527e-01
2.24055401030526e+00      7.83972118011930e-01
3.74671636228787e-02      3.74583982435050e-02
3.02711021313604e+00      1.14232532094330e-01
6.57040845068174e-01      6.10776461570309e-01
1.86291437462629e+00      9.57636066074402e-01
2.44488693731992e+00      6.41694589000916e-01
-1.05918161008215e+00     -8.71955102271448e-01
2.51362271600388e+00      5.87503198817239e-01
-2.24381210119772e+00     -7.81945350690109e-01
-1.10332570751168e+00     -8.92710956789517e-01
-1.41078412542951e+00     -9.87225339402489e-01
3.09002840327740e+00      5.15414028939053e-02
2.02674809319885e+00      8.97842355926610e-01
3.04004611095200e+00      1.01372113009329e-01
2.53872143635172e+00      5.67009860560634e-01
2.78989243206295e+00      3.44494452777720e-01
6.61864217134188e-01      6.14588502790361e-01
2.76897472982762e+00      3.64054951919718e-01
7.25414818902510e-01      6.63445877308772e-01
-1.25031808507032e+00     -9.49084870681475e-01
-2.59353744188860e+00     -5.21028261806943e-01
-2.23182747639529e+00     -7.89359596425207e-01
-2.52610541901555e+00     -5.77356414048040e-01
-2.21408929029744e+00     -8.00124869843760e-01
1.42919117293706e+00      9.89990732485171e-01
3.05324828382466e+00      8.82294973105262e-02
2.16185921038365e+00      8.30348862845089e-01
2.10734566861201e+00      8.59477679028279e-01
7.38704430294658e-01      6.73330608506414e-01
-1.97936528143346e+00     -9.17690311570247e-01
-4.87832887739533e-01     -4.68712670194595e-01
-8.44760601498108e-01     -7.47812194468105e-01
-2.08733504471607e+00     -8.69533820122800e-01
-3.13020734804299e+00     -1.13850595780088e-02
-1.44905166816168e+00     -9.92598268052041e-01
3.02309478051841e-01      2.97725745247718e-01
-2.46087023105986e+00     -6.29354595938554e-01
1.01100366881975e+00      8.47365230022427e-01
-1.18292612095380e-01     -1.18016924165168e-01
1.65133561349575e+00      9.96758464423059e-01
4.20129261034411e-01      4.07878476473660e-01
-1.97188589685219e+00     -9.20636148796626e-01
2.26347338072093e-01      2.24419536442608e-01
-2.58013507210774e+00     -5.32420576579928e-01
2.81158497543816e+00      3.24050292241880e-01
2.40156166389371e-01      2.37854313872371e-01
-2.93091226537424e+00     -2.09125292252611e-01
-1.09905193803573e+00     -8.90776922377858e-01
3.10124489796965e+00      4.03368092143359e-02
1.67417130955066e+00      9.94661563061667e-01
3.11986220894479e+00      2.17287344551187e-02
-2.76416120074218e+00     -3.68533929569503e-01
1.88479253767767e+00      9.51106890256329e-01
2.47958799724274e+00      6.14699281904024e-01
6.73153525644791e-01      6.23454696899399e-01
-1.42163589704234e+00     -9.88896193249593e-01
-2.25389519851326e+00     -7.75620439436019e-01
-1.12580779435537e+00     -9.02615601638556e-01
2.17654399031517e+00      8.22076625126237e-01
2.15507017570930e+00      8.34112846226478e-01
2.22200805478917e+00      7.95349892980156e-01
-1.16128425089922e+00     -9.17315204738776e-01
-1.27296159754520e+00     -9.55974130387519e-01
2.24438046790690e+00      7.81590934732352e-01
-1.99876125102282e+00     -9.09812230504050e-01
-7.68650687477810e-01     -6.95165919357751e-01
2.67428043531570e-03      2.67427724767447e-03
1.76039024356637e+00      9.82080846576960e-01
-2.70710073037879e+00     -4.20949587375476e-01
2.51203671265525e+00      5.88785887927586e-01
2.56726530729276e+00      5.43270181883927e-01
-2.79420659393205e-01     -2.75798823777078e-01
1.01322996435477e+00      8.48545315448087e-01
-2.98025001259312e+00     -1.60643554439466e-01
-5.74835251901372e-01     -5.43696527967696e-01
-9.49076565166787e-01     -8.12878011626366e-01
2.36045642230135e+00      7.04086727257480e-01
-1.25312171643701e+00     -9.49964340780806e-01
1.89994958693210e+00      9.46316384503794e-01
-2.32786791531316e+00     -7.26850345379938e-01
2.10571408501598e+00      8.60310556599454e-01
2.71961070832709e+00      4.09569343311381e-01
-1.30593782934932e+00     -9.65129552049666e-01
-1.10002874368425e+00     -8.91220397716968e-01
6.72201316758152e-01      6.22709920826611e-01
-2.48850670537059e+00     -6.07640193601420e-01
6.59642936771389e-01      6.12834735718266e-01
2.62239717165967e+00      4.96181800904960e-01
2.09280622970607e-01      2.07756272993353e-01
-7.83103126428860e-01     -7.05482084173894e-01
-2.61711871634766e+00     -5.00757720642269e-01
9.04436310200592e-01      7.86076846968668e-01
9.89112144166688e-01      8.35538491656534e-01
2.66098088791664e+00      4.62321722141558e-01
3.13373786369140e+00      7.85470912819769e-03
-4.16069181583962e-01     -4.04168125263155e-01
8.34058215257572e-01      7.40664078170360e-01
1.29524163847228e+00      9.62274425661918e-01
7.63953282751168e-01      6.91781535967130e-01
-8.28411076869485e-01     -7.36858114336895e-01
-9.51004551320317e-01     -8.13999424788367e-01
2.23788177907500e+00      7.85628227492208e-01
1.63832077782242e-02      1.63824748866333e-02
-2.35146066452063e-01     -2.32985034747430e-01
-2.33131715092063e+00     -7.24477105539081e-01
-2.78874732104703e+00     -3.45569243563395e-01
2.44579192256218e+00      6.41000238597312e-01
3.06031263295995e+00      8.11905549004628e-02
1.67433893129948e+00      9.94644252038439e-01
-1.67311627055836e+00     -9.94769879949255e-01
2.06953922081229e-01      2.05479778973651e-01
2.84332974300644e+00      2.93860256728337e-01
9.25117299709942e-01      7.98691352727572e-01
1.33402233614779e+00      9.72099749999019e-01
7.61477562141900e-01      6.89991682946385e-01
2.71682679554626e+00      4.12107458051801e-01
-1.96554154614135e+00     -9.23094576086568e-01
2.44146105840620e+00      6.44318331207402e-01
1.73769927914907e+00      9.86104005152876e-01
-1.66446038273449e+00     -9.95616728239247e-01
1.00766839612508e+00      8.45589455375356e-01
-2.82829531238357e+00     -3.08197141108010e-01
-3.99253986877291e-01     -3.88731110421468e-01
-1.33610218480050e+00     -9.72585512733770e-01
-2.31564228803882e-01     -2.29500281025545e-01
8.63691032776329e-01      7.60245563194043e-01
1.70682822647439e+00      9.90761919966184e-01
2.46700782172052e+00      6.24573138236384e-01
9.82469183889975e-01      8.31870228477618e-01
-1.80495449207772e+00     -9.72710012014868e-01
2.25763759494790e+00      7.73252814338958e-01
-2.40810552737828e+00     -6.69464092348238e-01
-4.48256193656710e-01     -4.33394668203544e-01
-1.57057538891234e+00     -9.99999975593226e-01
-1.20374328462754e+00     -9.33388961069521e-01
-2.00608001316069e+00     -9.06750457424148e-01
-2.55837538274463e+00     -5.50712222796626e-01
2.51093025751681e+00      5.89679862902401e-01
-2.83739208861699e+00     -2.99530540667888e-01
-6.00069223632273e-01     -5.64699604771239e-01
-5.34350413107579e-01     -5.09282112675401e-01
2.05751529464659e+00      8.83872245280338e-01
-3.74887134204263e-01     -3.66167504270169e-01
2.50951889338568e-01      2.48326144433946e-01
-1.02798982916206e-01     -1.02618021608093e-01
-2.83905518330257e-01     -2.80106951019152e-01
-5.15849220633920e-01     -4.93273741882534e-01
-2.37247904779278e+00     -6.95498613380020e-01
3.03995102703151e+00      1.01466706654092e-01
-1.74011532125513e+00     -9.85699752476003e-01
8.18546420626710e-01      7.30153394984860e-01
5.10565254186715e-01      4.88670491354202e-01
-2.97664917725213e+00     -1.64196574750081e-01
-1.44137119728638e+00     -9.91636252710224e-01
-2.99842136633911e+00     -1.42682667048475e-01
2.21199848134404e+00      8.01377257256127e-01
7.27443697798302e-01      6.64962567224014e-01
-7.57002524054670e-01     -6.86745674927827e-01
4.23391287891535e-01      4.10854649800965e-01
1.12348651884398e-01      1.12112452775934e-01
2.14679334053083e+00      8.38649674660283e-01
-1.36050382147076e+00     -9.77969897254592e-01
1.66595650139899e+00      9.95475686275769e-01
1.30192036186504e+00      9.64070102951467e-01
-3.15272375714814e-01     -3.10075433575336e-01
-1.45915980631415e-01     -1.45398737212181e-01
3.03702526350129e+00      1.04376931695344e-01
8.09820677908232e-01      7.24163520424299e-01
-2.02543361213092e-01     -2.01161348863577e-01
1.53686226281765e+00      9.99424294898870e-01
8.72334338974659e-01      7.65832096933422e-01
5.89132029835116e-01      5.55639581711643e-01
-3.12327228146141e+00     -1.83193473160683e-02
3.04405013458796e+00      9.73879138212651e-02
1.86770874091055e+00      9.56244377997595e-01
-1.61737178750657e-01     -1.61032955616029e-01
9.90723321956915e-01      8.36422639287457e-01
2.41763741242038e+00      6.62353079511721e-01
-1.02642432359330e+00     -8.55452687037666e-01
-7.72983281408477e-01     -6.98273867215705e-01
1.43226866365287e+00      9.90420377326420e-01
-1.46022851252946e+00     -9.93893604042596e-01
-1.84190824914399e+00     -9.63473715992063e-01
-9.82309335677650e-01     -8.31781506855874e-01
1.88400198132355e+00      9.51350765770262e-01
2.30592552304494e+00      7.41744109865536e-01
2.49523110526855e+00      6.02285893869162e-01
-2.85256102506795e+00     -2.85024155136816e-01
1.67520151121484e-01      1.66737730087265e-01
-2.01082413903750e+00     -9.04739816538306e-01
-1.17191866392505e+00     -9.21497472472997e-01
5.49997007383046e-01      5.22684677648980e-01
2.45838261120293e-01      2.43369467874260e-01
-2.24961354743946e+00     -7.78315898085947e-01
-2.04801676763642e+00     -8.88275037226475e-01
-1.92752761526736e+00     -9.37043304695920e-01
1.64332974561303e+00      9.97370604672543e-01
9.23901926546733e-01      7.97959423267911e-01
-4.93649642461092e-01     -4.73842946148906e-01
-5.38689573596908e-01     -5.13011586431013e-01
7.59729908278466e-01      6.88725647778710e-01
-6.80017083770419e-01     -6.28806307800521e-01
1.94915438336474e+00      9.29272413901180e-01
-4.67165311875845e-01     -4.50357151152476e-01
8.35428185119125e-02      8.34456725927237e-02
-1.15111519528024e+00     -9.13218915848032e-01
1.34395065168185e+00      9.74380665116891e-01
1.60227243428087e+00      9.99504668226429e-01
1.82783484854979e+00      9.67147077695599e-01
-4.00770754545950e-01     -3.90128138517162e-01
-1.43983952208405e+00     -9.91437405300214e-01
-1.27401983896013e-01     -1.27057614254953e-01
2.44209576243731e+00      6.43832806850835e-01
-3.01412547162077e+00     -1.27122283649563e-01
1.49623322950400e-01      1.49065674508480e-01
7.13111404825530e-01      6.54190182868216e-01
-6.03979228228539e-01     -5.67922193163565e-01
2.88054421296733e+00      2.58093612921725e-01
7.67704838559693e-01      6.94485685649536e-01
2.53729093477577e+00      5.68187599902146e-01
-2.75966020646551e+00     -3.72714371026927e-01
1.04745213832515e+00      8.66152669281792e-01
2.30836571826885e+00      7.40105305680296e-01
1.84385766873535e+00      9.62949825369861e-01
1.31511121593480e+00      9.67490252533844e-01
-6.82761148740570e-01     -6.30937618284092e-01
1.11425834413666e-01      1.11195405577283e-01
-6.74644843088096e-01     -6.24620003852504e-01
2.80910456965939e+00      3.26395855715039e-01
2.80408431342514e+00      3.31137035431851e-01
2.77741337572148e+00      3.56182518300647e-01
-1.89875728856289e+00     -9.46701112525723e-01
-2.42586609517928e+00     -6.56165862948006e-01
-6.94332166944495e-01     -6.39872365112551e-01
-3.06298789471343e+00     -7.85238379027998e-02
-1.59958880339130e+00     -9.99585525280437e-01
-2.28316768121085e+00     -7.56814016292394e-01
7.35373443156426e-01      6.70864140489577e-01
2.88222846915481e+00      2.56466054179707e-01
-1.58322733402377e+00     -9.99922736024612e-01
-4.86679359719102e-02     -4.86487260278262e-02
7.59283921944777e-01      6.88402229365630e-01
-2.96115302690024e+00     -1.79462080056922e-01
-2.43437414494532e+00     -6.49721875221404e-01
2.61961582690133e+00      4.98594693976889e-01
7.84725604070959e-01      7.06631050036952e-01
-4.24302533933989e-01     -4.11685262905329e-01
-1.62393014064450e+00     -9.98588730984585e-01
2.53898802178978e+00      5.66790251056342e-01
-1.98338086110319e+00     -9.16087541381574e-01
-1.92867559809731e+00     -9.36641796601254e-01
-1.22066867555021e-01     -1.21763954084023e-01
2.54421162752119e+00      5.62479006958776e-01
2.34375563374175e+00      7.15847451221990e-01
-1.65389058884425e+00     -9.96549657778432e-01
1.90321754095491e+00      9.45254993745895e-01
-3.13810459017852e+00     -3.48805633830359e-03
-2.86235524932857e+00     -2.75622671495541e-01
-1.62393221803538e+00     -9.98588620654659e-01
-2.19498701674290e+00     -8.11436378974493e-01
2.14547304663211e+00      8.39368069565233e-01
-1.77692747873840e+00     -9.78830092823542e-01
-1.93983565842417e+00     -9.32674307845625e-01
-2.61353990208398e+00     -5.03852284063309e-01
3.56305852887933e-01      3.48814496898576e-01
-1.96916157291716e+00     -9.21696366133742e-01
-1.24738904580783e+00     -9.48158093395964e-01
-1.28540746381563e+00     -9.59552248378666e-01
-2.19601214600069e+00     -8.10836825390948e-01
2.47019987838585e+00      6.22077071762886e-01
1.01746775582745e+00      8.50780001017681e-01
1.55161931704635e+00      9.99816126783722e-01
3.01868769997253e-02      3.01822925890242e-02
1.93440792992021e-01      1.92236643645266e-01
-1.00468926076891e+00     -8.43995342322941e-01
1.51638545365508e+00      9.98520093606691e-01
-1.03279607233070e-01     -1.03096096759608e-01
2.88954011635868e+00      2.49392165532371e-01
2.49329817532420e+00      6.03827787989214e-01
-2.96560402345703e+00     -1.75081582678176e-01
-1.69988895877606e+00     -9.91679111389094e-01
6.94625241509352e-02      6.94066776899458e-02
-2.02286776835220e+00     -8.99544165463580e-01
-2.66483717194369e+00     -4.58898878734568e-01
1.58748382161597e+00      9.99860766989390e-01
-2.16774643953331e+00     -8.27053869571352e-01
-9.62784910686463e-01     -8.20785591463288e-01
1.53635887112546e+00      9.99407089423265e-01
2.54759735896276e+00      5.59676426494368e-01
2.83391296814134e+00      3.02848103790041e-01
-1.87940101885860e+00     -9.52758293442607e-01
1.56336251215314e+00      9.99972369327179e-01
3.00482850120561e+00      1.36338201608342e-01
1.25325324737050e-01      1.24997513227178e-01
-2.73708660531011e+00     -3.93564720111029e-01
1.34489535170678e+00      9.74592698174348e-01
-1.42158522515855e+00     -9.88888661735911e-01
1.95366616119949e-01      1.94126189822634e-01
-2.78291694914855e+00     -3.51034520728345e-01
2.79345403959567e+00      3.41148679214400e-01
2.41458889843992e+00      6.64633919975696e-01
1.36901440398874e-01      1.36474206390537e-01
-1.67829865723992e+00     -9.94227187268419e-01
-2.33413827955801e+00     -7.22529624384061e-01
1.56590838885309e+00      9.99988054055123e-01
1.99448395974110e+00      9.11579064464053e-01
-1.15385449168361e+00     -9.14331667298514e-01
-9.13018036042441e-01     -7.91352448059754e-01
3.77284938862109e-01      3.68397724118697e-01
-2.96116770622632e+00     -1.79447639031960e-01
4.04653166391802e-01      3.93699961077501e-01
-2.99875610710956e+00     -1.42351343195086e-01
-3.93215761227276e-01     -3.83160730904997e-01
3.89538407759640e-01      3.79761443790377e-01
-1.42866070369072e+00     -9.89915726809207e-01
-4.05150582210857e-01     -3.94157156374039e-01
2.87113561022197e+00      2.67171893911195e-01
1.43069846545253e+00      9.90202335594571e-01
-1.88550927441507e+00     -9.50885273295839e-01
-3.13999500277219e+00     -1.59765013793441e-03
1.38124382895124e+00      9.82088651550007e-01
-1.25412715108700e+00     -9.50277916497319e-01
-2.65234261231729e+00     -4.69964042656354e-01
-2.02272976952771e+00     -8.99604438900168e-01
-2.95291518347183e+00     -1.87560000244734e-01
2.04857624174389e+00      8.88017925082147e-01
2.85624910468602e-01      2.81757098971492e-01
-2.75296567029113e+00     -3.78918141574993e-01
-3.92504589669970e-01     -3.82503737923709e-01
-1.77100335366375e+00     -9.80025426949156e-01
2.64716839108662e-01      2.61635981200448e-01
4.64547279186855e-01      4.48018103879967e-01
1.15033039580450e+00      9.12898852975438e-01
2.89528296899937e+00      2.43826690305238e-01
-1.25299003983242e+00     -9.49923202255777e-01
-1.73677262073860e+00     -9.86257526713614e-01
-2.31791215185217e+00     -7.33651788317789e-01
2.84580813317819e+00      2.91490391386010e-01
-1.36826946166806e-01     -1.36400408775862e-01
-9.78154435360343e-02     -9.76595373780107e-02
-6.08086620736767e-01     -5.71298114897561e-01
1.38284542642112e+00      9.82389163914033e-01
-2.08158513413964e+00     -8.72359158369574e-01
-2.11472764827105e-02     -2.11457003152090e-02
2.20085931304347e+00      8.07990398691178e-01
-1.89018993640270e+00     -9.49425993689471e-01
-2.43650317225683e+00     -6.48101976957996e-01
-2.72765372455635e+00     -4.02218700239106e-01
-1.00489135925021e+00     -8.44103720708329e-01
-2.41404899338831e+00     -6.65037223489999e-01
6.82178351374291e-01      6.30485357401012e-01
3.60314737460678e-01      3.52568777611884e-01
-2.50840336594470e+00     -5.91718789465877e-01
-4.60946974569738e-01     -4.44796446709381e-01
-6.84876902929455e-01     -6.32577678007144e-01
1.37744503688636e+00      9.81365800882785e-01
2.03223637158397e+00      8.95412263503568e-01
9.82149518034293e-01      8.31692780953901e-01
7.85996617885492e-01      7.07529825763659e-01
2.91066634121247e+00      2.28879344830711e-01
2.12972339904593e+00      8.47824547646725e-01
1.62232252508277e+00      9.98672819117125e-01
1.37883000306581e+00      9.81630979205716e-01
-1.38938673688838e+00     -9.83590357171169e-01
2.78613114040815e+00      3.48023064417334e-01
-1.54784384367292e+00     -9.99736603323048e-01
6.41616077395752e-01      5.98490909772367e-01
-1.09323624312617e+00     -8.88118983989120e-01
3.00189948041396e+00      1.39239283251167e-01
-1.14573208970238e+00     -9.11012244786192e-01
-1.06890383973171e+00     -8.76673684268690e-01
-1.06699256741898e+00     -8.75752598218920e-01
4.22458489919884e-01      4.10004038467264e-01
5.89610266121142e-01      5.56037134933484e-01
2.10753602199630e+00      8.59380359894268e-01
1.75376325141303e+00      9.83308196110052e-01
-2.07562699038172e+00     -8.75256388094686e-01
-1.14358423371820e+00     -9.10124412733810e-01
-2.29373647534945e+00     -7.49863793563840e-01
-5.83904620830862e-01     -5.51285820381206e-01
1.67822633766639e+00      9.94234944225086e-01
2.71162551468556e+00      4.16840932593588e-01
2.12790475152341e+00      8.48787531712010e-01
-1.01702407328504e+00     -8.50546752341133e-01
1.10733440149353e+00      8.94510215855065e-01
-1.43514124933934e+00     -9.90812951521387e-01
-1.56042027369606e+00     -9.99946169244010e-01
-3.57062762644647e-01     -3.49523766518725e-01
5.20842308740665e-01      4.97610933173413e-01
-2.68741560064064e+00     -4.38722943814131e-01
-3.06071685734947e+00     -8.07876583962530e-02
-1.50688808460487e+00     -9.97958563245792e-01
1.15718147583699e+00      9.15673920573626e-01
9.28846666470264e-01      8.00929905911011e-01
-2.01956018888780e+00     -9.00984091642616e-01
1.07323473892582e-01      1.07117561353508e-01
-7.67235600494171e-01     -6.94147989356874e-01
-1.30831598493838e+00     -9.65749358474668e-01
1.92137490968110e-02      1.92125669345833e-02
2.35665514580599e+00      7.06780973464567e-01
-8.72101143016798e-01     -7.65682121645538e-01
2.72334983120762e+00      4.06155364920894e-01
1.54919991046430e+00      9.99766806464606e-01
-2.12170749878760e+00     -8.52047910263893e-01
-9.74538084688548e-02     -9.72996245907930e-02
-2.87152873119475e+00     -2.66793042687813e-01
1.77032815007260e+00      9.80159482783834e-01
-1.46307408300038e+00     -9.94203567539296e-01
-2.40333365527088e+00     -6.73001215363113e-01
4.35399221151055e-01      4.21772409477502e-01
2.37984792336476e-02      2.37962328492798e-02
2.39348148608383e+00      6.80255507197146e-01
-4.74235690941610e-01     -4.56658619181121e-01
-1.28915752857398e+00     -9.60601256834686e-01
-3.04223077724515e+00     -9.91984606687063e-02
-3.13641892761120e+00     -5.17370289738619e-03
1.52437914046721e+00      9.98922915813988e-01
2.02648757398321e+00      8.97957036509230e-01
-2.40101829759898e+00     -6.74711944226893e-01
1.32436926874813e+00      9.69790195295460e-01
9.11333048926729e-01      7.90321191078636e-01
-7.62124136727920e-01     -6.90459540553551e-01
9.52424228882927e-01      8.14823246180570e-01
-8.79611401483837e-01     -7.70491224721815e-01
1.70124387391542e+00      9.91503777025333e-01
2.87251452941423e-01      2.83317369921621e-01
-2.30319184420038e+00     -7.43574767962920e-01
-1.81806594846335e+00     -9.69584315678563e-01
-2.09791897937867e+00     -8.64258091918073e-01
-7.98627924020230e-01     -7.16399481414132e-01
1.79859974441973e+00      9.74164817056166e-01
9.52196792994782e-02      9.50758550858999e-02
1.39399567594714e+00      9.84411434698388e-01
4.92486191973177e-01      4.72818080278048e-01
-6.43012833067109e-02     -6.42569818621333e-02
1.91211208309455e+00      9.42315061857393e-01
-2.78349726892092e+00     -3.50491071966374e-01
2.76364716088828e+00      3.69011739656165e-01
2.23418827355521e-01      2.21564766103068e-01
4.31771018929481e-01      4.18479943377470e-01
-1.67070943177594e+00     -9.95012836548136e-01
-2.93296532485749e+00     -2.07117188939343e-01
-1.79756133680143e+00     -9.74398803943407e-01
1.94865290951823e+00      9.29457539057966e-01
-2.22357601140108e+00     -7.94398497852416e-01
-2.78394466663370e+00     -3.50072019383600e-01
-3.53219810223770e-01     -3.45920626654367e-01
-2.68302406131400e+00     -4.42665036128471e-01
2.94409781130468e+00      1.96213488608889e-01
-4.91284679474452e-01     -4.71759014411709e-01
3.46126716463925e-01      3.39256787561068e-01
-1.95858240740181e+00     -9.25748498983205e-01
-2.76763917360089e+00     -3.65298533845417e-01
-1.80607842779253e+00     -9.72448617398191e-01
1.15906592700413e+00      9.16429696603581e-01
-8.96735657481960e-01     -7.81293591846697e-01
-4.84016622230589e-01     -4.65338164491634e-01
-2.98332225643305e-02     -2.98287973946583e-02
-1.34977280240102e+00     -9.75673574850809e-01
-2.73119461250807e+00     -3.98974348161996e-01
-3.01160900368506e+00     -1.29617930470941e-01
-4.78852617321500e-01     -4.60761149191362e-01
-2.46026079399866e+00     -6.29828083703410e-01
2.39735252101795e+00      6.77413045425668e-01
1.10407776656050e+00      8.93049604463298e-01
-1.21881981233930e+00     -9.38693135934894e-01
-2.52841206901188e+00     -5.75471517954930e-01
-7.15225241578938e-01     -6.55787478458627e-01
-3.04362936708060e+00     -9.78066725765652e-02
-7.16881573570481e-01     -6.57037018797638e-01
-2.73466704237218e+00     -3.95787862656811e-01
-2.69845469448981e-01     -2.66582501457020e-01
-2.57484991311067e+00     -5.36886900940925e-01
-2.62553295942161e+00     -4.93456816439534e-01
-1.96102374608727e+00     -9.24822573759789e-01
2.05104617410840e+00      8.86879520809300e-01
2.64368394361502e+00      4.77589211902000e-01
1.52848133212615e+00      9.99104854192649e-01
7.63805682023968e-01      6.91674944935398e-01
-1.73115788757688e+00     -9.87169615633280e-01
-2.14315769135853e+00     -8.40624361112452e-01
-3.64244257372871e-01     -3.56243235463546e-01
-1.53055374006752e+00     -9.99190376378739e-01
1.25815192622312e-01      1.25483524088235e-01
-9.81791790536207e-01     -8.31494104524588e-01
1.29306422313893e+00      9.61679712215517e-01
1.47349597812108e-01      1.46816969639866e-01
2.37806205314176e+00      6.91476252391718e-01
2.65581503123242e+00      4.66896161441491e-01
-5.66213256880806e-01     -5.36440124626785e-01
-3.03061249315710e+00     -1.10752484387436e-01
-3.02224845902788e+00     -1.19061092290256e-01
2.25705298592780e+00      7.73623381504962e-01
1.54929291814418e+00      9.99768810616838e-01
-2.54628601124220e+00     -5.60762673542421e-01
2.09850772421121e+00      8.63961774853531e-01
-2.65809485098531e+00     -4.64878877521969e-01
1.57453628204656e+00      9.99993006375510e-01
-2.30921960827290e+00     -7.39530802597021e-01
2.71346736970952e+00      4.15166018125559e-01
-2.14044370573811e+00     -8.42091208439965e-01
1.69195972221226e+00      9.92668691374265e-01
-2.07164932039780e+00     -8.77173295758791e-01
-7.42431573603699e-01     -6.76081557133667e-01
-1.56784764942590e+00     -9.99995652654037e-01
-1.56820383097642e+00     -9.99996639484598e-01
-1.76575852533484e+00     -9.81054993506573e-01
-2.23155448535520e+00     -7.89527164706610e-01
2.31594246470963e+00      7.34988817145690e-01
-2.34604130562629e+00     -7.14249596993345e-01
3.07491467720417e-01      3.02668719622015e-01
5.66847034738216e-01      5.36974886313416e-01
-2.70886822372038e+00     -4.19345665689783e-01
2.14187877914018e-01      2.12553933924959e-01
5.71357168081631e-01      5.40774152539130e-01
1.62120731891431e+00      9.98729634999129e-01
2.45028608964550e+00      6.37544320851430e-01
3.03610046788140e+00      1.05296631141012e-01
-5.46093564751706e-01     -5.19352917397666e-01
-2.35812613467177e-01     -2.33633186798392e-01
6.42090649731650e-01      5.98871036306490e-01
2.43880991526163e+00      6.46343545869447e-01
9.10104995693115e-01      7.89568175998414e-01
1.94235972461988e+00      9.31760857653560e-01
2.63180698296456e+00      4.87990180886962e-01
2.63005111864060e+00      4.89522032475319e-01
1.72718267051002e+00      9.87796557508721e-01
2.13823545624929e+00      8.43280140854693e-01
-2.64339704577868e+00     -4.77841255879603e-01
1.15023696591985e+00      9.12860712234643e-01
2.98282691411826e+00      1.58099589902539e-01
2.08737883642396e+00      8.69512191729359e-01
1.91112735996353e+00      9.42644218586629e-01
-2.15821554796008e+00     -8.32373755053555e-01
1.41226115353228e+00      9.87459597705793e-01
-2.45757449192408e-01     -2.43291084870802e-01
7.18411492397006e-01      6.58189591425919e-01
1.69228341564803e-01      1.68421763973104e-01
1.40140129993407e+00      9.85686937321815e-01
-1.12742513742661e+00     -9.03310602134404e-01
-4.41250384940330e-02     -4.41107211730258e-02
9.45979482958752e-01      8.11070270074255e-01
-8.26793285651387e-01     -7.35763446958446e-01
-1.08287471616218e+00     -8.83309096040868e-01
-1.62282123731479e+00     -9.98647009550018e-01
6.14030082861740e-01      5.76166048461638e-01
-2.29591685842111e+00     -7.48419487736001e-01
-1.03410682215242e+00     -8.59406023095256e-01
2.86267962817051e+00      2.75310842678735e-01
1.76096622252760e+00      9.81972134624524e-01
-4.96678747664939e-01     -4.76508226628495e-01
1.23022182999785e+00      9.42562922696125e-01
1.71290848275521e+00      9.89919050834101e-01
4.63421250829581e-01      4.47011123141268e-01
-5.10399278506512e-01     -4.88525676083808e-01
-1.70162687334058e+00     -9.91453884544383e-01
2.38619822614106e+00      6.85575865630558e-01
2.48438856969791e+00      6.10905706435108e-01
-1.64181579474190e+00     -9.97479177389886e-01
-2.90599005886496e+00     -2.33428975213843e-01
2.43019392070491e+00      6.52893878729054e-01
-2.22409441373070e-01     -2.20580355040389e-01
9.79512746244356e-01      8.30225860588047e-01
-2.67146128674150e+00     -4.53003403987003e-01
-2.72784187303220e+00     -4.02046434984507e-01
1.54589836969592e+00      9.99690061877746e-01
2.79906338550136e+00      3.35870502198477e-01
1.97289187305916e+00      9.20242928114331e-01
1.61095932660465e+00      9.99193575133299e-01
2.33915373681043e+00      7.19053165369711e-01
1.59001012701666e+00      9.99815420619057e-01
-1.63589370207554e+00     -9.97881914003115e-01
2.04136056921898e+00      8.91312608629312e-01
-1.55895832646610e+00     -9.99929931692384e-01
-2.69785987984735e+00     -4.29313723043492e-01
1.37187395522784e+00      9.80280100452131e-01
-1.97561586291384e+00     -9.19173488353794e-01
3.12116537227924e+00      2.04258607118991e-02
7.86236446714122e-01      7.07699288486258e-01
-1.39588551992422e+00     -9.84742064237592e-01
-1.00886323378240e+00     -8.46226696293860e-01
-2.35466386135587e+00     -7.08188270480253e-01
1.20369746456907e+00      9.33372516813200e-01
-2.28809805116292e+00     -7.53582191743319e-01
4.39477268085581e-01      4.25466464324858e-01
9.62334736394380e-01      8.20528352365730e-01
-2.13248575740017e+00     -8.46356500113223e-01
2.17355583714993e+00      8.23774337713943e-01
-8.68996432208510e-01     -7.63681425083955e-01
-1.48635395055778e+00     -9.96436860554360e-01
7.48849077729306e-01      6.80796191738019e-01
-2.73656025582921e+00     -3.94048537023403e-01
1.66054084294016e+00      9.95975663026038e-01
-2.89088574891779e+00     -2.48088826099512e-01
-9.60844064050701e-01     -8.19675364032028e-01
-3.08705684622278e+00     -5.45087784025438e-02
-2.82406412562012e+00     -3.12219593505283e-01
2.74992408630075e+00      3.81731158165317e-01
1.67629135174502e-01      1.66845187512899e-01
2.77123569027792e+00      3.61948215575905e-01
2.22430867611139e+00      7.93953266383277e-01
-2.21136101687846e+00     -8.01758399674434e-01
-1.22351957326210e-01     -1.22046917574695e-01
-2.28993496784823e+00     -7.52373417060096e-01
-4.78568532206755e-01     -4.60508998194595e-01
-2.19504187367640e+00     -8.11404317125642e-01
-3.65499638538386e-01     -3.57415974134020e-01
-4.16750477688868e-01     -4.04791202547775e-01
-1.95135381667266e+00     -9.28457706867926e-01
1.99813261161817e+00      9.10072948718771e-01
-2.94746724938356e+00     -1.92908440798804e-01
-1.01062537665438e+00     -8.47164292278615e-01
1.64686269227046e+00      9.97108348705158e-01
-2.55102884075204e+00     -5.56829429480861e-01
-7.08430824293564e-01     -6.50642965968381e-01
-1.59943721546414e+00     -9.99589877784556e-01
-1.20877037884008e+00     -9.35181214226440e-01
2.30246920502685e+00      7.44057768476174e-01
1.63152999011890e+00      9.98156277900203e-01
2.86901545420179e+00      2.69214377894705e-01
-1.40139687435968e+00     -9.85686191221987e-01
-6.73015530824066e-01     -6.23346798405367e-01
-2.31431662672372e+00     -7.36090292209588e-01
2.11895860490710e-01      2.10313734273015e-01
-3.42421934137714e-01     -3.35769401538568e-01
-2.86469304784762e+00     -2.73374674349726e-01
-2.44270634255496e+00     -6.43365491597140e-01
-1.59957432310611e-01     -1.59276182485560e-01
8.98297022035351e-01      7.82267186184380e-01
-2.95956807188662e+00     -1.81021077089449e-01
-2.10255393102430e+00     -8.61917210753974e-01
2.49738974330339e+00      6.00561293390815e-01
2.18812949272112e-01      2.17071029822846e-01
9.95101789535460e-01      8.38814386520289e-01
-1.26911836573092e+00     -9.54839273057798e-01
2.44931194088719e+00      6.38294515759024e-01
-3.10694344436322e+00     -3.46422765225052e-02
2.68607304606590e+00      4.39928997647861e-01
9.71348657224852e-01      8.25647358221810e-01
-1.16421539001234e+00     -9.18478330089815e-01
-2.93886735056196e+00     -2.01339568115207e-01
1.07621382599609e-01      1.07413751243932e-01
-4.95512699701236e-01     -4.75482748512173e-01
5.55984083578198e-01      5.27779417983357e-01
2.09245733440506e+00      8.66992661233881e-01
-2.91143776359629e+00     -2.28128331981493e-01
-3.61537062375592e-01     -3.53712348369209e-01
-5.13934268189609e-01     -4.91607070866531e-01
2.48279653337524e+00      6.12165352221796e-01
1.35720994522945e+00      9.77277009809883e-01
2.40094240340959e+00      6.74767958354703e-01
1.76013704101390e+00      9.82128533674460e-01
1.42800933935088e+00      9.89823246158306e-01
-8.76961921095005e-01     -7.68799609498552e-01
-4.61668476673317e-01     -4.45442531027630e-01
1.12590264195663e+00      9.02656424494144e-01
-2.56441565109542e+00     -5.45660424267763e-01
1.59463750110576e+00      9.99715812665167e-01
-2.18318894378520e+00     -8.18275020651010e-01
-1.06481591391740e+00     -8.74699722844531e-01
1.30807873161103e+00      9.65687769575623e-01
-2.83927000596126e+00     -2.97738317577317e-01
-7.34019343291050e-01     -6.69859352001632e-01
-2.29147868998719e+00     -7.51355614318392e-01
2.76123140857205e+00      3.71255920676264e-01
-2.90045826451288e+00     -2.38804348437038e-01
1.68649804127762e+00      9.93314020332350e-01
-7.63137313231395e-01     -6.91192088554592e-01
2.13175769273833e+00      8.46744055244848e-01
3.02378163956432e+00      1.17538678035257e-01
6.41066761393545e-02      6.40627756573853e-02
1.88825743032358e+00      9.50031009773291e-01
-2.27496750517512e+00     -7.62148394556120e-01
-2.58187850984737e+00     -5.30943983046313e-01
-1.41376650124393e+00     -9.87696130921536e-01
-2.27696483215286e+00     -7.60853800978468e-01
-1.38125874596550e+00     -9.82091462096022e-01
-1.59369842029235e+00     -9.99737758519284e-01
-1.66213840788302e+00     -9.95831211801342e-01
-3.04352456128516e+00     -9.79109753362873e-02
-2.61906537608063e+00     -4.99071768585251e-01
2.42757171176135e+00      6.54877822384534e-01
-2.43309399157313e+00     -6.50694479338069e-01
6.96856582101148e-01      6.41810289796389e-01
1.56046785748116e-01      1.55414250909861e-01
-2.72565465424893e+00     -4.04048131393337e-01
8.78721919680858e-02      8.77591511069339e-02
1.51302186749064e+00      9.98331520103455e-01
-9.35431314224396e-01     -8.04855125597461e-01
-7.56119903695168e-01     -6.86103832740172e-01
-3.09482633780264e+00     -4.67492706409365e-02
-2.08964697149455e+00     -8.68389698169838e-01
3.33748135112395e-02      3.33686179435668e-02
-2.35856190474683e+00     -7.05430786322229e-01
6.24706629323000e-01      5.84859334965889e-01
-1.07263578274539e+00     -8.78462958859886e-01
2.84116929808763e+00      2.95924627125319e-01
1.56563802421223e-01      1.55924964718901e-01
-6.73464549523231e-01     -6.23697843707028e-01
2.65630385653812e-01      2.62517596536842e-01
-2.97154703094478e+00     -1.69227313874860e-01
1.92165967355649e+00      9.39076323083548e-01
-1.89225313624300e+00     -9.48776147428945e-01
-2.20844093262994e+00     -8.03500162276432e-01
-1.02438854220163e+00     -8.54396622650852e-01
9.45165865810231e-01      8.10594077355600e-01
2.01688697845755e+00      9.02140649049218e-01
-1.95190820103694e+00     -9.28251644708276e-01
1.93854759872306e+00      9.33138162408580e-01
2.30677824334007e+00      7.41171935263256e-01
6.14276312006901e-01      5.76367282116792e-01
2.70644693990598e+00      4.21542540266992e-01
-2.47484534571900e+00     -6.18433175954056e-01
1.66630521735927e+00      9.95442491938308e-01
-7.43780349803467e-01     -6.77074756316114e-01
-8.24350721014108e-01     -7.34107054669871e-01
-2.66764158614736e+00     -4.56405387665625e-01
4.80159620437874e-01      4.61920752176084e-01
-2.36989521592466e+00     -6.97352843767840e-01
1.85080303122890e+00      9.61053585480965e-01
1.16731912700899e+00      9.19701343124041e-01
1.41506410447755e+00      9.87898225369343e-01
1.04489388665856e-02      1.04487487312027e-02
1.43387488101612e+00      9.90640894198282e-01
2.60696460999187e+00      5.09521021743259e-01
-9.17914057957470e-01     -7.94336184325801e-01
-2.96872414836475e+00     -1.72008804200510e-01
1.08255663638788e+00      8.83159938410337e-01
1.41031542884722e+00      9.87150553425503e-01
-2.69498495873042e+00     -4.31908445904157e-01
-9.06926291634597e-01     -7.87613537728346e-01
7.21937188445430e-02      7.21310237134863e-02
-1.04536943703583e+00     -8.65109900084536e-01
-3.11809857157858e+00     -2.34919207253888e-02
-3.03281387018092e+00     -1.08564383601193e-01
-2.42589105747203e+00     -6.56147025780655e-01
8.79882639050162e-01      7.70664096927746e-01
-1.32498597400483e+00     -9.69940450268788e-01
-1.08273195526135e+00     -8.83242162008456e-01
-2.87105501854342e+00     -2.67249555124880e-01
7.54845188153356e-01      6.85175915383390e-01
-2.23085493154243e-01     -2.21239704400813e-01
-7.16206509593398e-01     -6.56527966535811e-01
1.32110264693787e-01      1.31726310478296e-01
-1.83962969887306e+00     -9.64081416780977e-01
