0.03662550076842308
0.07270254194736481
0.10595126450061798
0.13509394228458405
0.1590106338262558
0.17678223550319672
0.18772579729557037
0.191420778632164
0.18772514164447784
0.17678093910217285
0.15900875627994537
0.13509154319763184
0.10594844073057175
0.0726994127035141
0.036622174084186554
0.0727035403251648
0.14347055554389954
0.20868967473506927
0.2658545672893524
0.31276842951774597
0.3476283848285675
0.36909472942352295
0.37634262442588806
0.3690934479236603
0.34762582182884216
0.3127647638320923
0.26584988832473755
0.20868419110774994
0.14346446096897125
0.07269706577062607
0.10595321655273438
0.20869065821170807
0.3033738434314728
0.3863641619682312
0.45447230339050293
0.5050809383392334
0.5362451672554016
0.5467674732208252
0.5362433195114136
0.5050773024559021
0.4544669985771179
0.3863573968410492
0.30336591601371765
0.2086818367242813
0.10594384372234344
0.13509677350521088
0.2658565044403076
0.38636514544487
0.4919915795326233
0.5786766409873962
0.6430891156196594
0.6827536225318909
0.6961458921432495
0.6827512383460999
0.6430844664573669
0.5786698460578918
0.49198299646377563
0.38635504245758057
0.26584529876708984
0.1350848525762558
0.1590142399072647
0.3127712607383728
0.45447424054145813
0.5786776542663574
0.6806083917617798
0.7563493251800537
0.8029898405075073
0.8187373876571655
0.8029870390892029
0.7563439011573792
0.6806004643440247
0.5786675214767456
0.4544624090194702
0.31275805830955505
0.1590002477169037
0.17678648233413696
0.34763196110725403
0.5050837397575378
0.643091082572937
0.7563503384590149
0.8405091166496277
0.8923331499099731
0.9098309874534607
0.8923300504684448
0.8405030369758606
0.7563415169715881
0.6430798768997192
0.5050705671310425
0.34761732816696167
0.17677094042301178
0.18773052096366882
0.369098961353302
0.5362488031387329
0.6827564239501953
0.8029918074607849
0.8923341631889343
0.9473502039909363
0.9659258127212524
0.9473469853401184
0.8923277258872986
0.8029824495315552
0.682744562625885
0.5362347960472107
0.369083434343338
0.18771402537822723
0.19142577052116394
0.3763473331928253
0.5467717051506042
0.696149468421936
0.8187402486801147
0.9098328948020935
0.9659267663955688
0.9848662614822388
0.9659234285354614
0.9098263382911682
0.8187307119369507
0.6961373686790466
0.5467574596405029
0.37633150815963745
0.19140897691249847
0.18773023784160614
0.3690984547138214
0.5362480282783508
0.6827554702758789
0.8029906749725342
0.892332911491394
0.9473488926887512
0.9659244418144226
0.9473456144332886
0.8923264741897583
0.8029813170433044
0.6827436089515686
0.5362340807914734
0.3690829277038574
0.18771377205848694
0.17678594589233398
0.34763094782829285
0.5050822496414185
0.6430891752243042
0.7563481330871582
0.8405066728591919
0.892330527305603
0.9098283052444458
0.8923274874687195
0.8405005931854248
0.7563393115997314
0.6430780291557312
0.5050691366195679
0.3476163446903229
0.17677044868469238
0.15901346504688263
0.31276974081993103
0.4544720947742462
0.5786749124526978
0.6806051731109619
0.7563457489013672
0.8029860258102417
0.8187335729598999
0.802983283996582
0.7563403248786926
0.6805973052978516
0.5786648392677307
0.4544602632522583
0.31275662779808044
0.1589995175600052
0.13509579002857208
0.2658546268939972
0.3863624036312103
0.49198809266090393
0.5786725282669067
0.6430845856666565
0.6827487945556641
0.6961410045623779
0.6827464699745178
0.6430799961090088
0.5786657929420471
0.49197953939437866
0.3863523602485657
0.2658434510231018
0.13508394360542297
0.10595205426216125
0.208688423037529
0.3033706247806549
0.3863600492477417
0.4544674754142761
0.5050755739212036
0.536239504814148
0.546761691570282
0.5362376570701599
0.5050719380378723
0.4544622302055359
0.38635334372520447
0.30336275696754456
0.2086796760559082
0.1059427559375763
0.07270224392414093
0.14346805214881897
0.20868608355522156
0.2658500075340271
0.3127630650997162
0.34762242436408997
0.36908844113349915
0.3763362169265747
0.3690871596336365
0.3476199507713318
0.3127594590187073
0.2658454179763794
0.2086806744337082
0.14346204698085785
0.07269585877656937
0.03662412613630295
0.0726998969912529
0.10594744980335236
0.13508909940719604
0.15900495648384094
0.17677593231201172
0.18771912157535553
0.1914139837026596
0.1877184808254242
0.17677468061447144
0.1590031236410141
0.1350867748260498
0.10594470798969269
0.07269685715436935
0.03662089630961418
