-0.02653421089053154
-0.026400482282042503
-0.020702118054032326
-0.014336824417114258
-0.008139939978718758
-0.0022544334642589092
0.00325721874833107
0.00834169052541256
0.01295002643018961
0.017037833109498024
0.020565742626786232
0.023499783128499985
0.025811703875660896
0.027479229494929314
0.028486307710409164
0.028823234140872955
0.028486771509051323
0.02748015522956848
0.02581307664513588
0.023501599207520485
0.02056797593832016
0.01704045757651329
0.012953028082847595
0.0083450423553586
0.0032608783803880215
-0.0022504967637360096
-0.008135763928294182
-0.014332459308207035
-0.02069772221148014
-0.02639687992632389
-0.026533935219049454
-0.02640191838145256
-0.021050170063972473
-0.008941364474594593
0.0038168076425790787
0.016162484884262085
0.027882184833288193
0.03885717689990997
0.04898155480623245
0.05815781652927399
0.06629759073257446
0.07332248985767365
0.07916484773159027
0.08376841992139816
0.08708886057138443
0.08909417688846588
0.08976507931947708
0.0890950933098793
0.08709069341421127
0.08377115428447723
0.07916845381259918
0.07332692295312881
0.0663028135895729
0.05816379189491272
0.048988208174705505
0.03886445239186287
0.02789001539349556
0.016170784831047058
0.0038254866376519203
-0.008932569064199924
-0.021042603999376297
-0.026399880647659302
-0.020699772983789444
-0.008936571888625622
0.009631481021642685
0.028671910986304283
0.04704883694648743
0.06449107080698013
0.08082486689090729
0.09589271247386932
0.10954950749874115
0.12166372686624527
0.13211870193481445
0.14081373810768127
0.1476650983095169
0.15260683000087738
0.15559129416942596
0.1565897911787033
0.1555926501750946
0.15260954201221466
0.14766916632652283
0.14081908762454987
0.13212528824806213
0.12167149037122726
0.10955838859081268
0.09590260684490204
0.08083567768335342
0.06450270116329193
0.04706118255853653
0.0286848284304142
0.009644647128880024
-0.008924719877541065
-0.02069447562098503
-0.014329195022583008
0.003828221932053566
0.0286787711083889
0.053816817700862885
0.07804804295301437
0.10104501247406006
0.12258047610521317
0.1424468606710434
0.16045279800891876
0.17642493546009064
0.19020941853523254
0.2016734778881073
0.21070674061775208
0.21722222864627838
0.22115713357925415
0.22247359156608582
0.2211589217185974
0.2172257900238037
0.21071209013462067
0.20168054103851318
0.19021810591220856
0.176435187458992
0.16046451032161713
0.142459899187088
0.12259472906589508
0.10106033086776733
0.07806430011987686
0.05383383482694626
0.028696177527308464
0.003844323568046093
-0.01432034932076931
-0.008126931264996529
0.016180675476789474
0.04706278443336487
0.07805521786212921
0.10790733993053436
0.13623759150505066
0.16276735067367554
0.18724095821380615
0.20942267775535583
0.22909890115261078
0.24608013033866882
0.2602028250694275
0.2713310122489929
0.2793574929237366
0.2842049300670624
0.285826712846756
0.28420713543891907
0.27936190366744995
0.2713375985622406
0.2602115273475647
0.2460908591747284
0.22911152243614197
0.20943708717823029
0.18725700676441193
0.1627849042415619
0.13625645637512207
0.1079273521900177
0.07807616889476776
0.0470842570066452
0.01620085909962654
-0.008114626631140709
-0.002236228436231613
0.02790697291493416
0.0645119845867157
0.10105930268764496
0.1362447887659073
0.16963547468185425
0.2009040266275406
0.2297491580247879
0.2558930516242981
0.27908387780189514
0.29909831285476685
0.31574368476867676
0.3288595676422119
0.3383197486400604
0.34403306245803833
0.34594452381134033
0.34403565526008606
0.3383249342441559
0.3288673460483551
0.31575387716293335
0.29911094903945923
0.2790987491607666
0.2559100091457367
0.22976811230182648
0.20092472434043884
0.16965772211551666
0.13626837730407715
0.10108400136232376
0.06453732401132584
0.027931030839681625
-0.0022206357680261135
0.003280370030552149
0.038888297975063324
0.08085253834724426
0.12260176986455917
0.16278168559074402
0.2009112536907196
0.23661747574806213
0.26955634355545044
0.2994105815887451
0.3258926570415497
0.348747581243515
0.36775529384613037
0.3827325999736786
0.3935353457927704
0.4000595211982727
0.4022422730922699
0.4000625014305115
0.3935413062572479
0.3827414810657501
0.36776694655418396
0.34876200556755066
0.32590964436531067
0.2994299829006195
0.2695779502391815
0.2366410791873932
0.20093663036823273
0.1628086268901825
0.12262996286153793
0.0808815062046051
0.03891598433256149
0.0032990416511893272
0.008369497954845428
0.04901869595050812
0.09592688828706741
0.1424749195575714
0.18726226687431335
0.22976350784301758
0.2695635259151459
0.30627891421318054
0.3395560085773468
0.3690743148326874
0.3945496380329132
0.4157365560531616
0.43243107199668884
0.44447237253189087
0.45174455642700195
0.4541775584220886
0.4517478942871094
0.4444790184497833
0.43244096636772156
0.41574954986572266
0.3945656716823578
0.36909323930740356
0.3395776152610779
0.3063029944896698
0.2695898413658142
0.2297918051481247
0.18729227781295776
0.14250636100769043
0.09595918655395508
0.049049731343984604
0.008391010574996471
0.012982144951820374
0.05820060521364212
0.1095898449420929
0.16048738360404968
0.20945076644420624
0.2559143602848053
0.2994249165058136
0.33956319093704224
0.3759426474571228
0.40821292996406555
0.4360632598400116
0.45922544598579407
0.4774763584136963
0.49064022302627563
0.4985903799533844
0.5012502074241638
0.4985940456390381
0.4906475245952606
0.47748714685440063
0.459239661693573
0.43608078360557556
0.4082335829734802
0.37596625089645386
0.33958950638771057
0.2994536757469177
0.2559452950954437
0.20948359370231628
0.1605217456817627
0.1096251830458641
0.058234669268131256
0.013006225228309631
0.017073877155780792
0.06634559482336044
0.12170983850955963
0.1764656901359558
0.2291335016489029
0.27911198139190674
0.3259139955043793
0.36908864974975586
0.408220112323761
0.44293156266212463
0.4728887379169464
0.49780309200286865
0.5174346566200256
0.5315943360328674
0.5401458740234375
0.5430068969726562
0.5401498079299927
0.5316022038459778
0.5174462199211121
0.49781835079193115
0.4729076027870178
0.44295382499694824
0.4082455337047577
0.3691169321537018
0.3259449005126953
0.2791452407836914
0.22916878759860992
0.17650264501571655
0.12174786627292633
0.06638234108686447
0.017100241035223007
0.020605292171239853
0.07337520271539688
0.13217014074325562
0.19025595486164093
0.2461208999156952
0.29913294315338135
0.3487756848335266
0.3945709466934204
0.4360775947570801
0.47289592027664185
0.5046713948249817
0.531097948551178
0.5519210696220398
0.5669402480125427
0.5760108828544617
0.5790454745292664
0.576015055179596
0.5669485330581665
0.5519334077835083
0.5311141610145569
0.5046914219856262
0.4729194641113281
0.4361044764518738
0.39460092782974243
0.34880849719047546
0.299168199300766
0.24615833163261414
0.19029514491558075
0.13221047818660736
0.07341428846120834
0.020633630454540253
0.023542379960417747
0.07922177761793137
0.14087000489234924
0.20172534883022308
0.26024940609931946
0.3157844543457031
0.3677898645401001
0.4157646596431732
0.4592467248439789
0.49781736731529236
0.531105101108551
0.5587893724441528
0.5806035399436951
0.5963375568389893
0.6058398485183716
0.6090189218521118
0.6058441996574402
0.5963462591171265
0.5806164741516113
0.5588064193725586
0.531126081943512
0.49784204363822937
0.45927491784095764
0.41579607129096985
0.3678242266178131
0.31582140922546387
0.2602885961532593
0.20176641643047333
0.140912264585495
0.07926278561353683
0.02357235923409462
0.025856863707304
0.08382897078990936
0.1477256566286087
0.21076345443725586
0.2713828980922699
0.3289061188697815
0.38277336955070496
0.43246570229530334
0.4775044322013855
0.5174559354782104
0.5519353747367859
0.5806107521057129
0.6032058596611023
0.6195031404495239
0.6293456554412842
0.6326385736465454
0.6293501853942871
0.619512140750885
0.6032192707061768
0.5806283950805664
0.5519570708274841
0.5174814462661743
0.47753363847732544
0.4324982464313507
0.38280898332595825
0.3289444148540497
0.2714235484600067
0.2108059823513031
0.14776943624019623
0.0838714987039566
0.02588813006877899
0.02752644382417202
0.08715242892503738
0.15267106890678406
0.2172832041978836
0.27941420674324036
0.3383716642856598
0.39358192682266235
0.4445131719112396
0.49067482352256775
0.5316224098205566
0.5669615864753723
0.5963519215583801
0.6195103526115417
0.636214017868042
0.6463018655776978
0.6496769189834595
0.6463065147399902
0.6362231969833374
0.6195240616798401
0.5963699221611023
0.5669838190078735
0.5316486954689026
0.49070480465888977
0.44454655051231384
0.3936184346675873
0.338410884141922
0.27945584058761597
0.2173267900943756
0.15271595120429993
0.08719605952501297
0.027558637782931328
0.02853504754602909
0.08916015177965164
0.15565863251686096
0.22122183442115784
0.2842659652233124
0.3440898060798645
0.40011143684387207
0.45179110765457153
0.49863114953041077
0.540180504322052
0.5760389566421509
0.6058611869812012
0.6293599605560303
0.6463090181350708
0.6565452218055725
0.6599698066711426
0.656549870967865
0.6463184356689453
0.6293738484382629
0.6058794856071472
0.576061487197876
0.5402070879936218
0.4986615478992462
0.45182496309280396
0.4001484513282776
0.34412965178489685
0.28430822491645813
0.22126606106758118
0.15570415556430817
0.08920443803071976
0.028567802160978317
0.028872957453131676
0.08983279019594193
0.15665952861309052
0.22254136204719543
0.28589141368865967
0.34600552916526794
0.4022989869117737
0.4542294144630432
0.5012967586517334
0.5430476665496826
0.5790801048278809
0.6090470552444458
0.6326598525047302
0.6496912240982056
0.6599769592285156
0.6634182333946228
0.6599817276000977
0.6497005820274353
0.6326737999916077
0.6090654134750366
0.5791028141975403
0.5430744290351868
0.5013272762298584
0.45426344871520996
0.4023361802101135
0.346045583486557
0.2859339118003845
0.22258581221103668
0.15670529007911682
0.08987730741500854
0.028905898332595825
0.028536921367049217
0.0891638770699501
0.15566416084766388
0.22122913599014282
0.28427496552467346
0.3441004157066345
0.4001235365867615
0.45180463790893555
0.49864596128463745
0.540196418762207
0.5760557651519775
0.6058788299560547
0.6293782591819763
0.6463278532028198
0.6565642356872559
0.6599888801574707
0.6565688848495483
0.6463371515274048
0.6293922066688538
0.6058971881866455
0.5760783553123474
0.5402230024337769
0.4986763298511505
0.45183849334716797
0.4001605808734894
0.3441402316093445
0.2843172252178192
0.22127334773540497
0.15570969879627228
0.08920816332101822
0.028569672256708145
0.02753017097711563
0.08715984970331192
0.1526821106672287
0.21729776263237
0.27943211793899536
0.3383927643299103
0.393606036901474
0.44454002380371094
0.4907042384147644
0.5316540598869324
0.5669950842857361
0.5963870286941528
0.6195467710494995
0.6362513303756714
0.6463397741317749
0.6497148871421814
0.6463443636894226
0.636260449886322
0.6195604801177979
0.5964050889015198
0.5670173168182373
0.5316802859306335
0.49073418974876404
0.44457340240478516
0.39364251494407654
0.3384320139884949
0.27947378158569336
0.2173413336277008
0.15272697806358337
0.0872034803032875
0.02756236493587494
0.02586241252720356
0.083840012550354
0.14774209260940552
0.2107851207256317
0.2714096009731293
0.3289375901222229
0.3828093111515045
0.43250566720962524
0.47754818201065063
0.5175029635429382
0.5519852638244629
0.5806630253791809
0.6032600402832031
0.6195586919784546
0.6294019818305969
0.6326951384544373
0.6294064521789551
0.6195676326751709
0.6032733917236328
0.5806806087493896
0.5520070195198059
0.5175285935401917
0.4775773882865906
0.432538241147995
0.38284486532211304
0.3289758563041687
0.2714501917362213
0.21082763373851776
0.14778585731983185
0.08388253301382065
0.025893671438097954
0.023549700155854225
0.07923632860183716
0.1408916711807251
0.2017538994550705
0.26028457283973694
0.3158259093761444
0.36783719062805176
0.41581737995147705
0.4593043923377991
0.49787938594818115
0.5311709046363831
0.5588582754135132
0.580674946308136
0.5964106917381287
0.6059140563011169
0.6090935468673706
0.6059184670448303
0.5964193940162659
0.5806878209114075
0.558875322341919
0.531191885471344
0.49790412187576294
0.45933258533477783
0.41584882140159607
0.36787155270576477
0.31586286425590515
0.26032376289367676
0.20179495215415955
0.14093390107154846
0.07927732169628143
0.023579660803079605
0.02061430737376213
0.07339315116405487
0.1321968287229538
0.1902911216020584
0.2461642324924469
0.29918399453163147
0.34883400797843933
0.3946358859539032
0.43614861369132996
0.4729723334312439
0.5047523975372314
0.5311828255653381
0.5520089864730835
0.5670303702354431
0.5761023163795471
0.57913738489151
0.5761064887046814
0.5670386552810669
0.5520212650299072
0.5311990976333618
0.504772424697876
0.47299593687057495
0.43617555499076843
0.39466592669487
0.3488667905330658
0.2992192506790161
0.24620166420936584
0.19033029675483704
0.13223713636398315
0.07343220710754395
0.02064262330532074
0.017084497958421707
0.06636673212051392
0.12174129486083984
0.1765071451663971
0.2291845679283142
0.2791721224784851
0.3259826898574829
0.36916521191596985
0.4083038568496704
0.44302162528038025
0.4729842245578766
0.49790307879447937
0.5175381898880005
0.5317004919052124
0.5402536392211914
0.5431151986122131
0.5402575731277466
0.5317083597183228
0.5175498723983765
0.49791839718818665
0.473003089427948
0.44304388761520386
0.4083292484283447
0.36919349431991577
0.32601359486579895
0.27920541167259216
0.22921983897686005
0.17654408514499664
0.12177929282188416
0.06640346348285675
0.01711084321141243
0.012994273565709591
0.058224745094776154
0.10962576419115067
0.16053472459316254
0.20950907468795776
0.25598305463790894
0.299503356218338
0.33965063095092773
0.37603825330734253
0.4083157479763031
0.43617233633995056
0.4593396782875061
0.47759464383125305
0.49076154828071594
0.49871349334716797
0.501373827457428
0.4987170994281769
0.49076882004737854
0.4776054620742798
0.45935389399528503
0.4361898601055145
0.40833643078804016
0.3760618567466736
0.3396769165992737
0.29953208565711975
0.25601398944854736
0.20954185724258423
0.16056907176971436
0.10966107994318008
0.0582587830722332
0.013018333353102207
0.008383022621273994
0.04904559999704361
0.09596691280603409
0.14252768456935883
0.18732725083827972
0.22984007000923157
0.26965099573135376
0.3063763678073883
0.3396625518798828
0.36918890476226807
0.39467117190361023
0.41586390137672424
0.4325629472732544
0.44460758566856384
0.4518817067146301
0.45431533455848694
0.45188504457473755
0.4446142017841339
0.4325728416442871
0.4158768951892853
0.3946872055530548
0.36920782923698425
0.3396840989589691
0.3064004182815552
0.2696772813796997
0.22986836731433868
0.18735723197460175
0.14255908131599426
0.09599918872117996
0.04907660186290741
0.008404506370425224
0.003295155242085457
0.03891771286725998
0.0808962881565094
0.12265944480895996
0.1628527194261551
0.20099496841430664
0.23671308159828186
0.26966288685798645
0.29952704906463623
0.32601797580718994
0.34888049960136414
0.3678944706916809
0.38287678360939026
0.39368316531181335
0.4002094864845276
0.4023929238319397
0.40021246671676636
0.3936891257762909
0.3828856647014618
0.3679061532020569
0.348894864320755
0.32603493332862854
0.29954642057418823
0.26968446373939514
0.23673667013645172
0.20102034509181976
0.16287961602210999
0.12268760800361633
0.08092522621154785
0.038945358246564865
0.0033137956634163857
-0.002220327500253916
0.027938608080148697
0.06455904990434647
0.10112134367227554
0.13632120192050934
0.16972552239894867
0.20100687444210052
0.22986377775669098
0.2560183107852936
0.2792186439037323
0.2992412745952606
0.31589341163635254
0.3290146589279175
0.338478684425354
0.34419435262680054
0.34610655903816223
0.34419697523117065
0.33848392963409424
0.32902243733406067
0.3159036338329315
0.2992538809776306
0.27923348546028137
0.2560352683067322
0.22988267242908478
0.2010275423526764
0.1697477549314499
0.1363447606563568
0.10114600509405136
0.06458435207605362
0.02796262502670288
-0.002204766497015953
-0.008110067807137966
0.01621423102915287
0.04711270332336426
0.07812101393938065
0.1079883947968483
0.13633310794830322
0.1628764122724533
0.18736252188682556
0.20955556631088257
0.22924184799194336
0.24623174965381622
0.2603616714477539
0.271495521068573
0.27952608466148376
0.28437602519989014
0.2859986126422882
0.2843782305717468
0.27953049540519714
0.2715020775794983
0.2603703439235687
0.2462424486875534
0.22925445437431335
0.20956996083259583
0.18737855553627014
0.16289395093917847
0.13635195791721344
0.10800837725400925
0.07814192771911621
0.04713413864374161
0.016234368085861206
-0.008097795769572258
-0.014311565086245537
0.003863319754600525
0.028731010854244232
0.05388568714261055
0.07813288271427155
0.10114499926567078
0.12269466370344162
0.14257413148880005
0.1605919599533081
0.17657461762428284
0.1903681755065918
0.20183978974819183
0.21087899804115295
0.2173987627029419
0.2213362604379654
0.2226535826921463
0.22133804857730865
0.21740233898162842
0.21088433265686035
0.20184682309627533
0.19037681818008423
0.17658483982086182
0.1606036275625229
0.14258714020252228
0.12270887941122055
0.10116030275821686
0.07814910262823105
0.05390265956521034
0.028748366981744766
0.003879368305206299
-0.014302756637334824
-0.020681988447904587
-0.008900973945856094
0.00968475453555584
0.02874237298965454
0.04713579639792442
0.06459368765354156
0.08094213902950287
0.09602351486682892
0.10969256609678268
0.12181766331195831
0.13228201866149902
0.14098486304283142
0.1478423774242401
0.15278851985931396
0.15577566623687744
0.15677505731582642
0.15577702224254608
0.15279123187065125
0.14784643054008484
0.14099019765853882
0.1322885900735855
0.12182540446519852
0.10970140993595123
0.09603337198495865
0.08095291256904602
0.06460528075695038
0.047148093581199646
0.02875524014234543
0.00969786662608385
-0.008889171294867992
-0.020676730200648308
-0.026387056335806847
-0.021019158884882927
-0.008893057703971863
0.0038822339847683907
0.01624438166618347
0.027979709208011627
0.03896933048963547
0.04910720884799957
0.058295708149671555
0.06644634157419205
0.07348060607910156
0.07933074980974197
0.08394045382738113
0.08726530522108078
0.08927330374717712
0.08994510024785995
0.08927422016859055
0.08726713061332703
0.08394315838813782
0.0793343335390091
0.07348500937223434
0.0664515346288681
0.058301642537117004
0.04911382496356964
0.03897656500339508
0.027987495064735413
0.016252635046839714
0.0038908682763576508
-0.008884311653673649
-0.02101164311170578
-0.026385053992271423
-0.026531441137194633
-0.0263898354023695
-0.020678456872701645
-0.01429915800690651
-0.008088629692792892
-0.0021901605650782585
0.003333630971610546
0.008429305627942085
0.013047784566879272
0.017144596204161644
0.020680276677012444
0.023620780557394028
0.02593778818845749
0.02760898321866989
0.028618277981877327
0.028955945745110512
0.028618736192584038
0.027609899640083313
0.025939147919416428
0.023622576147317886
0.02068248949944973
0.017147205770015717
0.013050763867795467
0.008432624861598015
0.0033372598700225353
-0.002186255995184183
-0.008084488101303577
-0.014294830150902271
-0.020674098283052444
-0.026386264711618423
-0.02653118595480919
