-0.01844019815325737
-0.030096478760242462
-0.03799227625131607
-0.043223585933446884
-0.046127501875162125
-0.046702537685632706
-0.04478247091174126
-0.04013115540146828
-0.03252512216567993
-0.021856924518942833
-0.008277258835732937
0.007620010990649462
0.024596847593784332
0.04068049043416977
0.053276099264621735
0.059207744896411896
0.0566721148788929
0.04658259078860283
0.03181510046124458
0.015252322889864445
-0.0009757718071341515
-0.015371151268482208
-0.027101093903183937
-0.035829029977321625
-0.04153444245457649
-0.04436600208282471
-0.04452844336628914
-0.04218810051679611
-0.03736623749136925
-0.02975546382367611
-0.01829369179904461
-0.030232654884457588
-0.051181189715862274
-0.06595385074615479
-0.07586758583784103
-0.08130162209272385
-0.08212946355342865
-0.07794159650802612
-0.06818866729736328
-0.05232199653983116
-0.029983103275299072
-0.00128120684530586
0.032813046127557755
0.06997430324554443
0.10615089535713196
0.13519811630249023
0.14914630353450775
0.14303497970104218
0.11951223760843277
0.08597276359796524
0.049418456852436066
0.014399610459804535
-0.016176721081137657
-0.040843017399311066
-0.059117503464221954
-0.07110732048749924
-0.07721689343452454
-0.07793791592121124
-0.07368487864732742
-0.06462851166725159
-0.050453756004571915
-0.0299167912453413
-0.038557469844818115
-0.06667948514223099
-0.08705687522888184
-0.1008191853761673
-0.1081567332148552
-0.10867799073457718
-0.10161495208740234
-0.08596901595592499
-0.060669392347335815
-0.024804795160889626
0.02200503647327423
0.07900825142860413
0.14341287314891815
0.20930729806423187
0.264780730009079
0.29243332147598267
0.27987080812454224
0.2340461015701294
0.17183904349803925
0.1074916273355484
0.04830528423190117
-0.001983165740966797
-0.04187122732400894
-0.07119958847761154
-0.09052398055791855
-0.10071638226509094
-0.10270307213068008
-0.09727203845977783
-0.08489281684160233
-0.06548286229372025
-0.038033805787563324
-0.04472217336297035
-0.07833921164274216
-0.1030946746468544
-0.11978942155838013
-0.12829574942588806
-0.12784625589847565
-0.11719520390033722
-0.09472830593585968
-0.058581121265888214
-0.006822008639574051
0.06221818923950195
0.14930030703544617
0.2530292272567749
0.3669236898422241
0.469870388507843
0.5251774787902832
0.4984760582447052
0.41073817014694214
0.3007067143917084
0.19453436136245728
0.10265720635652542
0.027584217488765717
-0.03058154322206974
-0.07288890331983566
-0.10086146742105484
-0.11614106595516205
-0.12027532607316971
-0.11456052213907242
-0.09988968819379807
-0.07655475288629532
-0.04393620416522026
-0.04934380576014519
-0.08711542189121246
-0.11515835672616959
-0.13391263782978058
-0.142875075340271
-0.14083275198936462
-0.12596751749515533
-0.09589339047670364
-0.04766020551323891
0.022265339270234108
0.1180153489112854
0.24419765174388885
0.4052301347255707
0.5977534055709839
0.7911036610603333
0.91009521484375
0.8476890325546265
0.6748824119567871
0.4827752709388733
0.3134101927280426
0.17744550108909607
0.07166600227355957
-0.008004017174243927
-0.0652071163058281
-0.10311639308929443
-0.12448646128177643
-0.13167166709899902
-0.126592218875885
-0.1106519103050232
-0.08459089696407318
-0.048225779086351395
-0.05277445539832115
-0.09361591935157776
-0.12402192503213882
-0.14408433437347412
-0.152914896607399
-0.1488315761089325
-0.12940064072608948
-0.09137523919343948
-0.030512727797031403
0.0588284432888031
0.1845090538263321
0.3581365644931793
0.5971794128417969
0.9125174880027771
1.2792145013809204
1.5725383758544922
1.4016531705856323
1.0461572408676147
0.7190983891487122
0.4610193371772766
0.2689392566680908
0.1273392140865326
0.023740902543067932
-0.049717243760824203
-0.09850707650184631
-0.12676893174648285
-0.13778935372829437
-0.13418053090572357
-0.11790141463279724
-0.09016896784305573
-0.051240887492895126
-0.05526376888155937
-0.09830550849437714
-0.13033001124858856
-0.15111640095710754
-0.15941698849201202
-0.15310518443584442
-0.12916071712970734
-0.08350934088230133
-0.010634943842887878
0.09729529917240143
0.25241178274154663
0.47570836544036865
0.8036205172538757
1.2817095518112183
1.9610004425048828
2.821486711502075
2.261444330215454
1.5002338886260986
0.983837366104126
0.6218453645706177
0.36843618750572205
0.18952542543411255
0.06153168901801109
-0.028475884348154068
-0.08849553018808365
-0.12410460412502289
-0.1395280361175537
-0.1380685716867447
-0.12223884463310242
-0.09372808784246445
-0.05321944132447243
-0.057018887251615524
-0.10158578306436539
-0.13466615974903107
-0.1557755172252655
-0.16335850954055786
-0.15491022169589996
-0.12692436575889587
-0.0746704712510109
0.008323964662849903
0.1314559280872345
0.3098316490650177
0.5711522102355957
0.965384304523468
1.5725526809692383
2.592378616333008
2.796030282974243
2.783302068710327
1.8342715501785278
1.2053886651992798
0.768639862537384
0.4645565450191498
0.25239628553390503
0.10200919210910797
-0.003645594697445631
-0.07460535317659378
-0.1176406741142273
-0.13778793811798096
-0.13897058367729187
-0.12421373277902603
-0.09564974159002304
-0.05435929447412491
-0.05822170898318291
-0.10381487011909485
-0.13755889236927032
-0.15876196324825287
-0.16562771797180176
-0.15536357462406158
-0.12411743402481079
-0.0667463168501854
0.02370337024331093
0.15714512765407562
0.3490137755870819
0.6259759068489075
1.025827407836914
1.574865698814392
2.256103515625
2.796030282974243
2.783302068710327
1.9772069454193115
1.354144811630249
0.8883023858070374
0.55083167552948
0.31228524446487427
0.14275386929512024
0.023027466610074043
-0.05816855654120445
-0.10842786729335785
-0.13340967893600464
-0.13755305111408234
-0.12433173507452011
-0.09627808630466461
-0.05483575165271759
-0.05902960151433945
-0.10530304908752441
-0.13946476578712463
-0.16067276895046234
-0.16695928573608398
-0.15533684194087982
-0.1217418983578682
-0.060827698558568954
0.03449658676981926
0.1740780919790268
0.3727380931377411
0.655060350894928
1.0505138635635376
1.5674842596054077
2.177931785583496
2.796030282974243
2.783302068710327
2.0651023387908936
1.4665906429290771
0.9896469712257385
0.6291325688362122
0.36890584230422974
0.18281486630439758
0.05048273876309395
-0.04016903042793274
-0.09732194244861603
-0.12711229920387268
-0.13439862430095673
-0.12303780764341354
-0.09591543674468994
-0.05480216443538666
-0.05957205221056938
-0.1063041090965271
-0.14075212180614471
-0.16197676956653595
-0.1679023951292038
-0.1554269790649414
-0.12037964165210724
-0.0573449470102787
0.04074255749583244
0.1835302859544754
0.38539233803749084
0.6703039407730103
1.0668076276779175
1.5856417417526245
2.2076830863952637
2.796030282974243
2.783302068710327
2.1587095260620117
1.5788630247116089
1.0880992412567139
0.704888105392456
0.4237760305404663
0.22219404578208923
0.07820572704076767
-0.021252963691949844
-0.08495525270700455
-0.11945928633213043
-0.12997868657112122
-0.12069790065288544
-0.09481233358383179
-0.05438597500324249
-0.05994882062077522
-0.10701145231723785
-0.14169560372829437
-0.16301006078720093
-0.16882465779781342
-0.15598583221435547
-0.12028905004262924
-0.05633178725838661
0.04284802824258804
0.1866627037525177
0.38917848467826843
0.6745696663856506
1.0750585794448853
1.6219052076339722
2.3887267112731934
2.796030282974243
2.783302068710327
2.331385374069214
1.7249382734298706
1.1958094835281372
0.7819982171058655
0.4782010614871979
0.260960191488266
0.10589615255594254
-0.0018339580856263638
-0.07175835967063904
-0.11085302382707596
-0.12464171648025513
-0.11758898943662643
-0.09316112101078033
-0.05368576943874359
-0.06023112311959267
-0.10756104439496994
-0.14248241484165192
-0.16398940980434418
-0.16993942856788635
-0.1571742296218872
-0.121505506336689
-0.0575949102640152
0.041355475783348083
0.1843927800655365
0.38479211926460266
0.6648622751235962
1.0524063110351562
1.561625361442566
2.183253288269043
2.796030282974243
2.7939703464508057
2.783302068710327
1.9217356443405151
1.3094245195388794
0.8578155636787415
0.5308355689048767
0.2985997200012207
0.13325949013233185
0.017835654318332672
-0.05798354372382164
-0.10154181718826294
-0.11861496418714523
-0.11389923840761185
-0.09109600633382797
-0.05277130752801895
-0.06046534329652786
-0.108039490878582
-0.14322678744792938
-0.16503608226776123
-0.17134447395801544
-0.15902206301689148
-0.12392634898424149
-0.06080295145511627
0.036977797746658325
0.1781085729598999
0.3750961124897003
0.6485683917999268
1.024292230606079
1.513875961303711
2.112733840942383
2.796030282974243
2.7989089488983154
2.783302068710327
2.00130558013916
1.3872489929199219
0.9209465980529785
0.5787333250045776
0.33444884419441223
0.16017356514930725
0.03771364688873291
-0.04370099678635597
-0.09162979573011398
-0.11201640218496323
-0.10973808169364929
-0.08869988471269608
-0.051687005907297134
-0.06067787483334541
-0.10849452018737793
-0.14398711919784546
-0.16620247066020966
-0.17306199669837952
-0.1614874005317688
-0.12739776074886322
-0.06561936438083649
0.03035189025104046
0.16897691786289215
0.36229705810546875
0.6300402879714966
0.9983298778533936
1.4817956686019897
2.0865318775177
2.821486711502075
2.8076727390289307
2.796030282974243
2.0468554496765137
1.4440701007843018
0.9747375249862671
0.6232246160507202
0.36931461095809937
0.18714362382888794
0.05807753652334213
-0.028793253004550934
-0.08109889179468155
-0.1048794835805893
-0.1051560789346695
-0.0860176831483841
-0.050458502024412155
-0.060879647731781006
-0.10894424468278885
-0.144781231880188
-0.16749456524848938
-0.1750706136226654
-0.16450197994709015
-0.13178105652332306
-0.07180728763341904
0.02184649556875229
0.15753857791423798
0.3471226990222931
0.6099452376365662
0.9732210040092468
1.454250454902649
2.061535120010376
2.796030282974243
2.7998876571655273
2.783302068710327
2.078503370285034
1.494365930557251
1.0267237424850464
0.6683351993560791
0.4053083062171936
0.21526528894901276
0.07947167754173279
-0.013016436249017715
-0.06986388564109802
-0.0971960797905922
-0.10017534345388412
-0.08307540416717529
-0.04910176619887352
-0.0610690675675869
-0.10938325524330139
-0.14559555053710938
-0.16888467967510223
-0.17732182145118713
-0.16799134016036987
-0.13697665929794312
-0.07925644516944885
0.011539640836417675
0.1437394618988037
0.3291711211204529
0.587074875831604
0.9461323022842407
1.4273205995559692
2.042618989944458
2.796030282974243
2.7983145713806152
2.783302068710327
2.1205360889434814
1.5546830892562866
1.0869837999343872
0.7194276452064514
0.4452422559261322
0.24587109684944153
0.10249326378107071
0.0038621830753982067
-0.05786354839801788
-0.08897662907838821
-0.09482789039611816
-0.07990267127752304
-0.047633539885282516
-0.06123283877968788
-0.10978403687477112
-0.14638683199882507
-0.17031234502792358
-0.179738387465477
-0.171867236495018
-0.14290328323841095
-0.08793629705905914
-0.0006824743468314409
0.12713505327701569
0.3073205351829529
0.5590391159057617
0.9124959111213684
1.3938443660736084
2.0202150344848633
2.796030282974243
2.7998900413513184
2.783302068710327
2.194502592086792
1.6430684328079224
1.1658744812011719
0.7819593548774719
0.4918334186077118
0.2800074517726898
0.12747910618782043
0.021878015249967575
-0.04517221078276634
-0.08031711727380753
-0.08919510245323181
-0.07655466347932816
-0.04608103260397911
-0.06134457141160965
-0.11009395122528076
-0.1470765769481659
-0.1716747134923935
-0.18219715356826782
-0.17599676549434662
-0.14944268763065338
-0.0977959856390953
-0.014946339651942253
0.10719723999500275
0.2801935374736786
0.5227426290512085
0.8661264181137085
1.3432360887527466
1.9841808080673218
2.821486711502075
2.8077197074890137
2.796030282974243
2.357879161834717
1.783607006072998
1.2723214626312256
0.8594547510147095
0.5459763407707214
0.3177646994590759
0.1541595160961151
0.04067908972501755
-0.03210466355085373
-0.07145650684833527
-0.08343852311372757
-0.07312759011983871
-0.04448838159441948
-0.0613618865609169
-0.11022896319627762
-0.1475406289100647
-0.17280997335910797
-0.18450318276882172
-0.18016044795513153
-0.15636888146400452
-0.10864079743623734
-0.03116915561258793
0.08371888846158981
0.24687282741069794
0.4754782021045685
0.7997128367424011
1.2564988136291504
1.8889048099517822
2.796030282974243
2.7992238998413086
2.7962093353271484
2.783302068710327
1.9911853075027466
1.4047845602035522
0.9494400024414062
0.6060657501220703
0.3577518165111542
0.18138794600963593
0.05938993766903877
-0.01928180456161499
-0.06280559301376343
-0.07781066000461578
-0.06976179033517838
-0.042917098850011826
-0.06122278422117233
-0.11006622761487961
-0.1475973129272461
-0.17347992956638336
-0.18636398017406464
-0.18401363492012024
-0.16328714787960052
-0.12002884596586227
-0.04886508733034134
0.057225532829761505
0.20791170001029968
0.41783449053764343
0.7118204236030579
1.1192270517349243
1.6532007455825806
2.285722017288208
2.783302068710327
2.7925169467926025
2.783302068710327
2.124441146850586
1.5323914289474487
1.0426006317138672
0.6674467921257019
0.396939754486084
0.20705465972423553
0.07657941430807114
-0.007629272527992725
-0.0549311563372612
-0.07263696193695068
-0.06662766635417938
-0.04143865033984184
-0.060842614620923996
-0.1094379648566246
-0.14699803292751312
-0.17335715889930725
-0.18737290799617767
-0.18706518411636353
-0.16960757970809937
-0.13123811781406403
-0.06710176169872284
0.029058434069156647
0.16560563445091248
0.35465604066848755
0.6159380674362183
0.9756886959075928
1.4481412172317505
2.038463592529297
2.783302068710327
2.7924997806549072
2.783302068710327
2.3214476108551025
1.6852778196334839
1.1397188901901245
0.7253251671791077
0.43108096718788147
0.22815342247486115
0.09033074229955673
0.0017021775711327791
-0.048486240208148956
-0.06826401501893997
-0.06389264017343521
-0.0401185005903244
-0.06011262908577919
-0.10812884569168091
-0.14542409777641296
-0.17202182114124298
-0.1870073825120926
-0.18868069350719452
-0.17456121742725372
-0.14131802320480347
-0.08465161174535751
0.0009207013063132763
0.1225496381521225
0.2902112901210785
0.519500195980072
0.8335145711898804
1.247812032699585
1.7625819444656372
2.3505420684814453
2.796030282974243
2.8033390045166016
2.821486711502075
1.878659725189209
1.2275887727737427
0.7683730125427246
0.4532301723957062
0.24066025018692017
0.09840026497840881
0.007507706061005592
-0.044081464409828186
-0.06497462838888168
-0.06167105585336685
-0.038993172347545624
-0.05890089273452759
-0.1058783084154129
-0.14249132573604584
-0.1689700335264206
-0.18464341759681702
-0.18810713291168213
-0.17724406719207764
-0.14917206764221191
-0.10015498846769333
-0.02545086108148098
0.08103398978710175
0.22759443521499634
0.42675068974494934
0.699279248714447
1.0659688711166382
1.5375086069107056
2.1160781383514404
2.783302068710327
2.7979228496551514
2.796030282974243
1.9139673709869385
1.247575283050537
0.7747950553894043
0.45390892028808594
0.24023690819740295
0.09872814267873764
0.008847014047205448
-0.04209509864449501
-0.06287828832864761
-0.05996483564376831
-0.03804425150156021
-0.057055145502090454
-0.10238722711801529
-0.13776202499866486
-0.16363303363323212
-0.17958380281925201
-0.18451327085494995
-0.17667405307292938
-0.15363818407058716
-0.11223124712705612
-0.04842490330338478
0.04291392117738724
0.16867631673812866
0.3391585350036621
0.5721181631088257
0.8922606110572815
1.3248354196548462
1.9152846336364746
2.783302068710327
2.7938644886016846
2.796030282974243
1.868740200996399
1.1982331275939941
0.7362719178199768
0.427916020154953
0.2244209498167038
0.09033713489770889
0.005466005764901638
-0.04246213659644127
-0.0618031844496727
-0.05860959738492966
-0.03717588260769844
-0.05440545082092285
-0.09732527285814285
-0.13075973093509674
-0.15540146827697754
-0.1710939258337021
-0.17703786492347717
-0.17185159027576447
-0.1535571962594986
-0.11953835934400558
-0.06647375226020813
0.009821875020861626
0.11483962833881378
0.2565363645553589
0.448297381401062
0.7116013169288635
1.0707402229309082
1.5618834495544434
2.261444330215454
2.783302068710327
2.796030282974243
1.7023019790649414
1.0618160963058472
0.6471601724624634
0.3740416467189789
0.1934436857700348
0.07388787716627121
-0.0019130762666463852
-0.04453429579734802
-0.061230212450027466
-0.057243794202804565
-0.03620224818587303
-0.050760991871356964
-0.09032951295375824
-0.12097539007663727
-0.14364314079284668
-0.15843266248703003
-0.16483405232429504
-0.16181515157222748
-0.14783258736133575
-0.12081562727689743
-0.07814176380634308
-0.016572603955864906
0.06795767694711685
0.1809305101633072
0.3306943476200104
0.5308529138565063
0.7933235168457031
1.118964672088623
1.4787988662719727
1.7087913751602173
1.6485544443130493
1.2106579542160034
0.8124014735221863
0.5107249617576599
0.29766181111335754
0.15117661654949188
0.051989540457725525
-0.01150647085160017
-0.04706518352031708
-0.06029379367828369
-0.05530911311507225
-0.03484627604484558
-0.045889221131801605
-0.08097609132528305
-0.107844278216362
-0.12769226729869843
-0.1408567577600479
-0.14708881080150604
-0.14567513763904572
-0.13547652959823608
-0.11493749916553497
-0.08209860324859619
-0.03461053967475891
0.030291132628917694
0.11593689024448395
0.2266567498445511
0.3687666356563568
0.5456504821777344
0.7468733787536621
0.9377236366271973
1.0433818101882935
0.9967553615570068
0.7936573624610901
0.5637637972831726
0.36593514680862427
0.21483802795410156
0.10533909499645233
0.02890077605843544
-0.020713163539767265
-0.04835149645805359
-0.057847049087285995
-0.052069734781980515
-0.03273949772119522
-0.039452213793992996
-0.06869154423475266
-0.09066027402877808
-0.10677814483642578
-0.11756601184606552
-0.12298442423343658
-0.12259189784526825
-0.11560836434364319
-0.10094474256038666
-0.07723788172006607
-0.042908329516649246
0.0037625054828822613
0.06455329060554504
0.1412595510482788
0.23584669828414917
0.34792956709861755
0.4674079716205597
0.5701348781585693
0.6208441853523254
0.5924144387245178
0.48984888195991516
0.3600896894931793
0.23830454051494598
0.13898026943206787
0.06338442862033844
0.009029336273670197
-0.02672448940575123
-0.04647903889417648
-0.05253598839044571
-0.04660343751311302
-0.029391786083579063
-0.030841490253806114
-0.05254227668046951
-0.06837578862905502
-0.07984700798988342
-0.08754444122314453
-0.09155474603176117
-0.09164617210626602
-0.08734391629695892
-0.07796721160411835
-0.06266836076974869
-0.04049626737833023
-0.01049442682415247
0.028162669390439987
0.07600507885217667
0.13319507241249084
0.1984224021434784
0.2647641599178314
0.31854963302612305
0.3430768549442291
0.32738879323005676
0.2751764953136444
0.20544132590293884
0.13621249794960022
0.07702356576919556
0.030279899016022682
-0.004113187547773123
-0.026961715891957283
-0.039450276643037796
-0.04275795444846153
-0.03767101466655731
-0.02405974268913269
-0.018751434981822968
-0.030787251889705658
-0.03921336308121681
-0.045218076556921005
-0.049239300191402435
-0.0513748936355114
-0.05153455585241318
-0.04949738830327988
-0.044938623905181885
-0.037454959005117416
-0.026604237034916878
-0.011967991478741169
0.0067586638033390045
0.02965819276869297
0.056554026901721954
0.08655378222465515
0.11621179431676865
0.1394905298948288
0.14961867034435272
0.14268581569194794
0.12033604830503464
0.08972523361444473
0.058365754783153534
0.030825160443782806
0.008621206507086754
-0.007944934070110321
-0.01901232823729515
-0.02500024437904358
-0.02636510692536831
-0.023318002000451088
-0.015341571532189846
